0.0   4.579003922641277
0.0   6.3462914153933525
0.0   4.9260386526584625
0.0   8.917159587144852
0.0   6.878695018589497
0.0   8.431483618915081
0.0   6.9742452800273895
0.0   4.960593514144421
0.0   7.7770112082362175
0.0   5.5779677256941795
0.0   4.829212624579668
0.0   4.07926644384861
0.0   4.857225269079208
0.0   7.060532718896866
0.0   7.025603137910366
0.0   9.31086790561676
0.0   4.708678260445595
0.0   4.918400157243013
0.0   5.54223495721817
0.0   4.875774502754211
0.0   8.236816510558128
0.0   5.101313576102257
0.0   4.782766759395599
0.0   5.270633712410927
0.0   5.545179657638073
0.0   4.867948047816753
0.0   4.929274335503578
0.0   4.5214676931500435
1.0   20.451443433761597
1.0   15.80473417043686
1.0   11.72809637337923
1.0   13.36391831189394
1.0   16.841762479394674
1.0   7.135504111647606
1.0   7.700011044740677
1.0   16.32282892614603
1.0   19.593769159168005
1.0   7.2118430733680725
1.0   10.076693691313267
1.0   10.484500892460346
1.0   7.079098507761955
1.0   4.616738701239228
1.0   10.268321186304092
1.0   11.172466613352299
1.0   16.721367463469505
1.0   16.604944109916687
1.0   11.200287088751793
1.0   59.88853794336319
1.0   41.2458562143147
1.0   63.14865255355835
1.0   60.59923294186592
1.0   30.02661295980215
1.0   44.057510890066624
1.0   57.20611475408077
1.0   25.307200744748116
1.0   26.0235295034945
1.0   43.28953417390585
1.0   45.94210276007652
1.0   35.5206000842154
1.0   68.77465426921844
1.0   47.05224312841892
1.0   37.29201857559383
1.0   59.28358256816864
1.0   33.22761996090412
1.0   8.911148130893707
1.0   15.111305549740791
1.0   16.16794092953205
1.0   11.689713075757027
1.0   18.35254655778408
1.0   19.67092703282833
1.0   21.355344355106354
1.0   15.652233935892582
1.0   29.615909725427628
1.0   15.884215265512466
1.0   37.80058639124036
1.0   10.261609494686127
1.0   15.302850440144539
1.0   16.354225412011147
1.0   7.133638493716717
1.0   16.535216957330704
1.0   13.003445781767368
1.0   11.058342829346657
1.0   4.750909551978111
1.0   6.0132773369550705
1.0   4.116653129458427
1.0   15.47325137257576
1.0   4.180243045091629
1.0   5.5623434856534
1.0   12.119980320334435
1.0   21.46346604079008
1.0   4.3601717203855515
1.0   5.668187081813812
1.0   4.912651538848877
1.0   53.04160414636135
1.0   30.361862134188414
1.0   15.613186627626419
1.0   4.528310164809227
1.0   4.463849440217018
1.0   5.802214466035366
1.0   7.5022861659526825
AUC-ROC: 0.8636, AUC-PR: 0.9552
0.0   2.633784156292677
0.0   2.6182019747793674
0.0   2.5506901293992996
0.0   2.6477310303598642
0.0   2.5957722812891006
0.0   2.5663513150066137
0.0   2.5693237353116274
0.0   2.565072398632765
0.0   2.5785125587135553
0.0   2.603969795629382
0.0   2.6356077771633863
0.0   2.6317053884267807
0.0   2.5899268575012684
0.0   2.5865443348884583
0.0   2.6247714906930923
0.0   2.644820548593998
0.0   2.6465284302830696
0.0   2.5956871807575226
0.0   2.6509855166077614
0.0   2.656092992052436
0.0   2.627496924251318
0.0   2.5976489819586277
0.0   2.6059338189661503
0.0   2.631640100851655
0.0   2.625649057328701
0.0   2.6069121826440096
0.0   2.632419925183058
0.0   2.6021340377628803
1.0   5.465282574295998
1.0   3.6304171979427338
1.0   2.9387082643806934
1.0   3.0137229040265083
1.0   4.282881837338209
1.0   2.679393492639065
1.0   2.6646556481719017
1.0   3.490362010896206
1.0   5.428162705153227
1.0   2.611242763698101
1.0   3.22197837382555
1.0   2.910341404378414
1.0   3.122003696858883
1.0   2.694201409816742
1.0   2.6519474051892757
1.0   3.0658762250095606
1.0   2.6526936665177345
1.0   2.6901476085186005
1.0   2.9675957895815372
1.0   43.332481157034636
1.0   16.518855879083276
1.0   38.41108188033104
1.0   36.17467794008553
1.0   5.977242870256305
1.0   13.006962411105633
1.0   35.36695124581456
1.0   7.125086823478341
1.0   6.500089183449745
1.0   18.9841635748744
1.0   18.855108205229044
1.0   7.854651713743806
1.0   58.56824405863881
1.0   24.06834827363491
1.0   15.429512011818588
1.0   31.572089839726686
1.0   9.194143861532211
1.0   2.9058833867311478
1.0   3.051178205758333
1.0   2.8353115916252136
1.0   2.8582324385643005
1.0   3.8288055397570133
1.0   4.606360046193004
1.0   3.4177975971251726
1.0   4.63705176487565
1.0   8.582586713135242
1.0   2.9894207566976547
1.0   15.959817320108414
1.0   2.8034128546714783
1.0   3.0566386077553034
1.0   3.50716863758862
1.0   2.7876909989863634
1.0   3.092980297282338
1.0   2.9325086809694767
1.0   2.934807140380144
1.0   2.737967688590288
1.0   2.8333215061575174
1.0   2.7964760661125183
1.0   2.9699473716318607
1.0   2.797168292105198
1.0   2.7506756484508514
1.0   2.982753086835146
1.0   3.212408671155572
1.0   2.7515903934836388
1.0   2.7913877964019775
1.0   2.783807784318924
1.0   28.158366285264492
1.0   5.543981689494103
1.0   3.8205269798636436
1.0   3.627194955945015
1.0   3.641529142856598
1.0   3.6081985756754875
1.0   3.616782173514366
AUC-ROC: 0.9921, AUC-PR: 0.9974
0.0   3.9163345098495483
0.0   6.216351702809334
0.0   4.227862060070038
0.0   4.623071476817131
0.0   4.626510366797447
0.0   5.166355311870575
0.0   7.374021291732788
0.0   4.869411155581474
0.0   4.40618959069252
0.0   5.500297337770462
0.0   5.415892332792282
0.0   5.31211094558239
0.0   5.318094819784164
0.0   4.705198913812637
0.0   8.496453553438187
0.0   5.203153759241104
0.0   7.037915825843811
0.0   5.2023810893297195
0.0   5.326819628477097
0.0   5.277065858244896
0.0   4.7791387140750885
0.0   5.492212891578674
0.0   4.567077741026878
0.0   4.766158193349838
0.0   4.664330765604973
0.0   4.545162424445152
0.0   4.045893430709839
0.0   4.602599635720253
1.0   8.935217134654522
1.0   9.48152670264244
1.0   8.210850447416306
1.0   7.421463251113892
1.0   7.885628923773766
1.0   9.316098973155022
1.0   6.589782699942589
1.0   6.00025749206543
1.0   8.085078120231628
1.0   5.748194172978401
1.0   7.065974175930023
1.0   6.796574518084526
1.0   7.7514792531728745
1.0   4.3535037487745285
1.0   5.292639404535294
1.0   9.644498512148857
1.0   5.129756614565849
1.0   8.901041001081467
1.0   5.259579300880432
1.0   31.737659938633442
1.0   17.05422154068947
1.0   28.011412724852562
1.0   24.38775297999382
1.0   8.458992317318916
1.0   11.164711341261864
1.0   30.420020915567875
1.0   12.143460623919964
1.0   9.312325447797775
1.0   19.07932575047016
1.0   19.052101105451584
1.0   12.273224122822285
1.0   35.35897585749626
1.0   26.34018813073635
1.0   12.52260947227478
1.0   21.22557609528303
1.0   10.840239018201828
1.0   6.209865152835846
1.0   7.316611215472221
1.0   6.754783436655998
1.0   5.518281936645508
1.0   9.796313032507896
1.0   12.48035280406475
1.0   6.609093934297562
1.0   17.221039563417435
1.0   12.898133739829063
1.0   6.967267617583275
1.0   17.898058906197548
1.0   6.725794792175293
1.0   6.154004082083702
1.0   6.787556767463684
1.0   6.080681592226028
1.0   7.186519160866737
1.0   6.350910037755966
1.0   3.4364786595106125
1.0   2.4939788579940796
1.0   4.115213647484779
1.0   2.5168595612049103
1.0   5.429277807474136
1.0   6.800496622920036
1.0   2.6763285100460052
1.0   6.040550023317337
1.0   7.650988683104515
1.0   2.960491821169853
1.0   5.727894946932793
1.0   4.182826712727547
1.0   20.107176557183266
1.0   10.79625329375267
1.0   5.777897611260414
1.0   5.29386979341507
1.0   4.115596324205399
1.0   4.815370604395866
1.0   4.827209800481796
AUC-ROC: 0.8016, AUC-PR: 0.9268
0.0   7.687955588102341
0.0   12.00447353720665
0.0   10.303977400064468
0.0   14.355929374694824
0.0   9.580728858709335
0.0   10.895089834928513
0.0   16.660894602537155
0.0   11.55410435795784
0.0   17.832504630088806
0.0   19.078509479761124
0.0   12.520573258399963
0.0   13.041640430688858
0.0   14.571127533912659
0.0   12.393003672361374
0.0   30.60256990790367
0.0   17.546323657035828
0.0   16.248781263828278
0.0   8.71869307756424
0.0   13.139968633651733
0.0   10.10957208275795
0.0   11.997806519269943
0.0   8.508983582258224
0.0   11.503729104995728
0.0   13.617885917425156
0.0   7.487606197595596
0.0   7.136950388550758
0.0   6.617567449808121
0.0   10.571473449468613
1.0   13.84624195098877
1.0   14.029766291379929
1.0   18.1529780626297
1.0   10.895127654075623
1.0   15.117270201444626
1.0   21.83276680111885
1.0   14.25743180513382
1.0   12.78904178738594
1.0   19.619935661554337
1.0   14.364328384399414
1.0   15.765961438417435
1.0   12.291895240545273
1.0   11.359701409935951
1.0   7.954459100961685
1.0   12.451122224330902
1.0   15.921658098697662
1.0   15.519418329000473
1.0   21.0342398583889
1.0   9.827348321676254
1.0   35.04944980144501
1.0   26.01751607656479
1.0   32.312101535499096
1.0   30.771413519978523
1.0   14.68498432636261
1.0   20.403768315911293
1.0   32.22692592442036
1.0   19.568411380052567
1.0   16.70250052213669
1.0   30.84550580382347
1.0   30.063988357782364
1.0   22.917056024074554
1.0   40.3385566547513
1.0   29.014171853661537
1.0   15.577956646680832
1.0   24.938953816890717
1.0   21.582499146461487
1.0   8.80028784275055
1.0   12.356886625289917
1.0   13.268728584051132
1.0   10.719477117061615
1.0   16.04768580198288
1.0   24.91502994298935
1.0   15.917642056941986
1.0   20.443510800600052
1.0   18.08620497584343
1.0   13.1342031955719
1.0   25.288783490657806
1.0   10.719876766204834
1.0   12.282951205968857
1.0   10.898306608200073
1.0   10.229004323482513
1.0   17.66013738512993
1.0   16.035348027944565
1.0   7.924538344144821
1.0   7.088381469249725
1.0   12.03448212146759
1.0   5.401956453919411
1.0   19.547925502061844
1.0   16.616974592208862
1.0   8.801310330629349
1.0   16.594998091459274
1.0   21.726718485355377
1.0   8.87792782485485
1.0   15.850756049156189
1.0   14.210665553808212
1.0   23.37989693880081
1.0   18.893303841352463
1.0   10.555132329463959
1.0   10.429013282060623
1.0   12.261172637343407
1.0   8.247014343738556
1.0   10.854236483573914
AUC-ROC: 0.6910, AUC-PR: 0.8569
0.0   9.71552024781704
0.0   19.083674982190132
0.0   10.569260120391846
0.0   21.738719940185547
0.0   13.303802907466888
0.0   15.265054762363434
0.0   16.19087865948677
0.0   15.018666326999664
0.0   22.865940034389496
0.0   18.717231512069702
0.0   11.957056254148483
0.0   15.686776876449585
0.0   15.698032945394516
0.0   13.027638912200928
0.0   19.72469526529312
0.0   19.317606508731842
0.0   19.04220947623253
0.0   10.295642629265785
0.0   15.787743359804153
0.0   17.349438801407814
0.0   21.016523092985153
0.0   10.842578172683716
0.0   6.185638144612312
0.0   11.805517792701721
0.0   10.3714449852705
0.0   6.105544805526733
0.0   3.100157678127289
0.0   11.92627015709877
1.0   23.644463896751404
1.0   18.178443372249603
1.0   17.860747933387756
1.0   12.523418664932251
1.0   23.36535221338272
1.0   21.37092685699463
1.0   18.20672035217285
1.0   21.49073714017868
1.0   24.565663814544678
1.0   20.622973144054413
1.0   20.85912585258484
1.0   16.584516376256943
1.0   22.264542937278748
1.0   9.222617626190186
1.0   21.719717264175415
1.0   22.203613102436066
1.0   24.648712277412415
1.0   21.474453449249268
1.0   16.39633584022522
1.0   41.726937383413315
1.0   30.688671797513962
1.0   38.21345595270395
1.0   35.66172742843628
1.0   22.54483997821808
1.0   26.102323085069656
1.0   39.50953817367554
1.0   27.51892626285553
1.0   20.368911415338516
1.0   34.215180695056915
1.0   32.624875739216805
1.0   20.670691430568695
1.0   48.80573880672455
1.0   32.86451333761215
1.0   22.60172688961029
1.0   29.115875244140625
1.0   28.244199723005295
1.0   9.633523613214493
1.0   16.25296813249588
1.0   18.782738208770752
1.0   13.452256739139557
1.0   27.568036437034607
1.0   37.686746925115585
1.0   22.86752200126648
1.0   32.102234452962875
1.0   28.176777988672256
1.0   17.79635500907898
1.0   32.85152693092823
1.0   19.90622502565384
1.0   22.511163353919983
1.0   13.029836654663086
1.0   9.945620775222778
1.0   24.478256672620773
1.0   20.537511318922043
1.0   18.265439212322235
1.0   6.550659686326981
1.0   17.028614938259125
1.0   4.144447401165962
1.0   21.699528753757477
1.0   22.51921907067299
1.0   9.220082551240921
1.0   23.403218060731888
1.0   34.64941096305847
1.0   13.085138708353043
1.0   19.092883110046387
1.0   19.997950583696365
1.0   27.07475671172142
1.0   30.30820143222809
1.0   9.548950612545013
1.0   15.713241845369339
1.0   12.761908918619156
1.0   8.481680020689964
1.0   10.070336997509003
AUC-ROC: 0.7808, AUC-PR: 0.9168
0.0   5.40957822650671
0.0   10.685427218675613
0.0   7.4230306297540665
0.0   12.62537682056427
0.0   6.658934272825718
0.0   10.950251795351505
0.0   11.364819467067719
0.0   9.008550256490707
0.0   12.011869266629219
0.0   13.669207230210304
0.0   11.663496226072311
0.0   3.332167401909828
0.0   10.853925108909607
0.0   5.48952953517437
0.0   13.513574361801147
0.0   9.829836666584015
0.0   14.034787073731422
0.0   3.3747113794088364
0.0   5.8164577186107635
0.0   14.29957664757967
0.0   11.609993979334831
0.0   4.384056322276592
0.0   1.1698968186974525
0.0   7.451733663678169
0.0   2.9787594228982925
0.0   1.8588627576828003
0.0   0.10393590107560158
0.0   8.61448049545288
1.0   22.620328307151794
1.0   11.676796913146973
1.0   13.183306336402893
1.0   10.352828741073608
1.0   16.367079377174377
1.0   16.58644127845764
1.0   13.724498212337494
1.0   18.274661540985107
1.0   23.547948718070984
1.0   18.84567454457283
1.0   17.805258631706238
1.0   9.70017845928669
1.0   15.179045677185059
1.0   3.007261238992214
1.0   19.588953584432602
1.0   19.316736936569214
1.0   17.06888258457184
1.0   16.331016898155212
1.0   11.163276195526123
1.0   35.36786684393883
1.0   25.367880702018738
1.0   30.618479192256927
1.0   30.40947848558426
1.0   17.373332619667053
1.0   24.592172265052795
1.0   29.839625775814056
1.0   15.728400826454163
1.0   17.15405261516571
1.0   27.36654943227768
1.0   23.372155129909515
1.0   14.10118544101715
1.0   43.12979555130005
1.0   23.33332246541977
1.0   18.314063668251038
1.0   19.924920320510864
1.0   18.254475474357605
1.0   3.8888721764087677
1.0   14.129891693592072
1.0   11.664101839065552
1.0   4.857249036431313
1.0   19.51715397834778
1.0   29.663244426250458
1.0   20.867342233657837
1.0   26.675764799118042
1.0   21.738434851169586
1.0   12.843893766403198
1.0   30.5924032330513
1.0   8.687198251485825
1.0   17.231018662452698
1.0   14.5336993932724
1.0   3.774676240980625
1.0   17.646193027496338
1.0   21.338886976242065
1.0   10.225905656814575
1.0   8.698710538446903
1.0   5.9851809442043304
1.0   -1.4788800105452538
1.0   19.547945022583008
1.0   11.62710365653038
1.0   1.6163878068327904
1.0   14.66528008878231
1.0   24.653027594089508
1.0   4.7938496842980385
1.0   17.534575551748276
1.0   17.39060440659523
1.0   25.964258909225464
1.0   27.610555768013
1.0   6.848231613636017
1.0   12.219297677278519
1.0   9.407780915498734
1.0   5.195618346333504
1.0   7.658501282334328
AUC-ROC: 0.8224, AUC-PR: 0.9373
0.0   12.381824105978012
0.0   14.125453650951385
0.0   5.079013988375664
0.0   12.052043437957764
0.0   10.386640757322311
0.0   13.57506439089775
0.0   10.73222553730011
0.0   12.735317319631577
0.0   14.904591053724289
0.0   12.634847044944763
0.0   8.533331513404846
0.0   9.51886497437954
0.0   9.083524614572525
0.0   9.203937642276287
0.0   10.479043841362
0.0   14.01959615945816
0.0   11.166250988841057
0.0   9.548425614833832
0.0   13.034947767853737
0.0   16.347531467676163
0.0   15.07146966457367
0.0   11.960898280143738
0.0   6.698216870427132
0.0   9.460894703865051
0.0   7.70578096807003
0.0   8.860720559954643
0.0   3.1954316794872284
0.0   11.288532048463821
1.0   23.99433261156082
1.0   7.97762930393219
1.0   9.976282358169556
1.0   9.461424827575684
1.0   17.73939538002014
1.0   11.872421622276306
1.0   9.946662545204163
1.0   21.26526391506195
1.0   20.0523898601532
1.0   17.5651296377182
1.0   21.145044684410095
1.0   9.114723771810532
1.0   15.03914624452591
1.0   12.55211928486824
1.0   24.170175194740295
1.0   22.710332989692688
1.0   13.762775540351868
1.0   8.310606718063354
1.0   12.277822494506836
1.0   24.907197952270508
1.0   25.31007808446884
1.0   26.445343136787415
1.0   22.51161217689514
1.0   23.70992875099182
1.0   23.162307143211365
1.0   26.985057950019836
1.0   25.147327661514282
1.0   18.927791357040405
1.0   23.08511710166931
1.0   20.9527108669281
1.0   13.647756099700928
1.0   30.985789597034454
1.0   26.664165496826172
1.0   17.529805660247803
1.0   22.327840447425842
1.0   20.36505889892578
1.0   14.441328078508377
1.0   12.731389284133911
1.0   21.40088379383087
1.0   18.811911910772324
1.0   24.707512855529785
1.0   26.1685488820076
1.0   19.39809799194336
1.0   29.71311777830124
1.0   23.573062777519226
1.0   17.84617030620575
1.0   25.924466252326965
1.0   16.550802528858185
1.0   17.48072648048401
1.0   15.31826376914978
1.0   16.48770248889923
1.0   20.701353669166565
1.0   26.03642499446869
1.0   16.3914787620306
1.0   1.9478278681635857
1.0   10.615166872739792
1.0   2.666364014148712
1.0   23.78133922815323
1.0   16.438757240772247
1.0   3.19126233458519
1.0   28.40645408630371
1.0   29.977417469024658
1.0   1.8447762206196785
1.0   25.296011328697205
1.0   12.853124171495438
1.0   25.906920433044434
1.0   29.981376007199287
1.0   7.37355238199234
1.0   27.604304134845734
1.0   20.242120057344437
1.0   6.128221333026886
1.0   10.866203010082245
AUC-ROC: 0.8135, AUC-PR: 0.9373
0.0   6.0642589926719666
0.0   9.987286269664764
0.0   2.2699606716632843
0.0   8.66724956035614
0.0   7.971950113773346
0.0   5.982720226049423
0.0   6.290223300457001
0.0   7.624624013900757
0.0   14.548440217971802
0.0   11.388595819473267
0.0   4.290903210639954
0.0   5.297302484512329
0.0   6.89880108833313
0.0   1.5048688724637032
0.0   7.316859126091003
0.0   11.026479005813599
0.0   7.041349649429321
0.0   3.7031140327453613
0.0   1.2091329246759415
0.0   5.408336013555527
0.0   14.151307106018066
0.0   8.75464478135109
0.0   3.8255155086517334
0.0   6.188016831874847
0.0   3.9841940999031067
0.0   4.875873625278473
0.0   1.8762092292308807
0.0   6.116243600845337
1.0   14.498913407325745
1.0   4.394152402877808
1.0   6.870178699493408
1.0   7.072359800338745
1.0   7.374397039413452
1.0   12.621237754821777
1.0   6.402272582054138
1.0   8.4882972240448
1.0   13.027588129043579
1.0   9.573907732963562
1.0   14.092410802841187
1.0   11.507514536380768
1.0   14.994386196136475
1.0   5.188558131456375
1.0   21.070980966091156
1.0   21.08656668663025
1.0   11.406804323196411
1.0   8.877844095230103
1.0   10.427241921424866
1.0   24.506226897239685
1.0   22.353000283241272
1.0   22.217106103897095
1.0   20.024076223373413
1.0   10.784727811813354
1.0   13.549124479293823
1.0   23.607915103435516
1.0   13.380257964134216
1.0   9.286524415016174
1.0   15.299699187278748
1.0   17.39837121963501
1.0   8.33073765039444
1.0   30.31126296520233
1.0   22.844139873981476
1.0   7.653991654515266
1.0   19.058714032173157
1.0   10.52297592163086
1.0   4.0082709193229675
1.0   3.8883469104766846
1.0   7.082820415496826
1.0   5.962560594081879
1.0   17.683509945869446
1.0   15.006186842918396
1.0   9.189989566802979
1.0   20.042807817459106
1.0   20.70127582550049
1.0   6.660926699638367
1.0   18.5428546667099
1.0   6.943202018737793
1.0   7.200850486755371
1.0   7.487425804138184
1.0   8.597765922546387
1.0   10.861548066139221
1.0   10.258604288101196
1.0   9.388341456651688
1.0   -3.238834284245968
1.0   3.678123354911804
1.0   4.314407482743263
1.0   11.10502827167511
1.0   15.846770882606506
1.0   1.8751715868711472
1.0   17.242991030216217
1.0   26.211328148841858
1.0   -2.9549651071429253
1.0   16.753013253211975
1.0   7.096709206700325
1.0   19.310786485671997
1.0   19.86508935689926
1.0   4.865337073802948
1.0   11.996528953313828
1.0   15.823103427886963
1.0   4.409217864274979
1.0   4.935300923883915
AUC-ROC: 0.7604, AUC-PR: 0.9033
0.0   -1.7074200324714184
0.0   1.6852486580610275
0.0   -3.984116680920124
0.0   -0.5535951294004917
0.0   -3.1389077585190535
0.0   -2.6100530084222555
0.0   -2.287686448544264
0.0   -2.4620717894285917
0.0   5.441258184611797
0.0   1.6456438452005386
0.0   3.349932476878166
0.0   2.598630413413048
0.0   -0.580377247184515
0.0   -4.6597245167940855
0.0   1.3482861816883087
0.0   -1.807699654251337
0.0   0.13686658069491386
0.0   -3.824007097631693
0.0   -3.9271295145154
0.0   -2.126374937593937
0.0   3.396747462451458
0.0   -1.3758921325206757
0.0   -0.45924876630306244
0.0   0.5428248941898346
0.0   -4.388772241771221
0.0   -1.3103742189705372
0.0   -3.874220058321953
0.0   0.7388374954462051
1.0   21.00894182920456
1.0   9.529463768005371
1.0   11.465736865997314
1.0   8.853429794311523
1.0   9.732396602630615
1.0   14.68040680885315
1.0   8.653458178043365
1.0   12.836380004882812
1.0   18.015318155288696
1.0   14.331838726997375
1.0   16.569153785705566
1.0   16.08125364780426
1.0   20.291598558425903
1.0   -0.052123770117759705
1.0   30.86540573835373
1.0   30.63582882285118
1.0   15.696101486682892
1.0   15.363728761672974
1.0   4.141386106610298
1.0   32.31488552689552
1.0   35.4572664052248
1.0   37.48938074707985
1.0   34.25375175476074
1.0   9.666552424430847
1.0   24.239337682724
1.0   36.14860048890114
1.0   21.42814475297928
1.0   12.716589212417603
1.0   28.422052562236786
1.0   32.04621025919914
1.0   20.645572543144226
1.0   41.374842166900635
1.0   34.22892487794161
1.0   17.381027936935425
1.0   30.92404580116272
1.0   26.813104689121246
1.0   0.374923475086689
1.0   17.616379737854004
1.0   9.940598785877228
1.0   6.517146617174149
1.0   25.753156304359436
1.0   34.05892761051655
1.0   27.86259889602661
1.0   30.97428822517395
1.0   33.15671569108963
1.0   12.244200348854065
1.0   36.20321574807167
1.0   11.035288333892822
1.0   15.986138820648193
1.0   11.49548077583313
1.0   6.440656751394272
1.0   21.616734504699707
1.0   14.474799871444702
1.0   8.651291131973267
1.0   -3.237580941990018
1.0   -1.7167933881282806
1.0   -4.741121578961611
1.0   8.964726448059082
1.0   11.65943455696106
1.0   5.079140320420265
1.0   24.85618981719017
1.0   27.52509367465973
1.0   -4.652789875864983
1.0   18.75009161233902
1.0   3.2592024579644203
1.0   33.26866751909256
1.0   31.761794731020927
1.0   -2.510791275650263
1.0   17.983073890209198
1.0   15.427388668060303
1.0   -0.11266417428851128
1.0   4.637150555849075
AUC-ROC: 0.9266, AUC-PR: 0.9766
0.0   -3.6150853633880615
0.0   -3.6004712656140327
0.0   -3.1503154933452606
0.0   2.9638368636369705
0.0   4.610910773277283
0.0   7.179910182952881
0.0   -0.920168548822403
0.0   -0.8288569897413254
0.0   -0.7249254211783409
0.0   4.968113929033279
0.0   3.5396778881549835
0.0   -2.7233778461813927
0.0   -3.336987691000104
0.0   -4.618814684450626
0.0   3.234522193670273
0.0   -1.5458479449152946
0.0   -2.377120167016983
0.0   -4.714115716516972
0.0   -4.227188257500529
0.0   -4.491360172629356
0.0   -1.5466540679335594
0.0   -0.11178234964609146
0.0   -4.365640440955758
0.0   -2.6335326209664345
0.0   -4.728817756287754
0.0   -4.176571624353528
0.0   -4.657911472022533
0.0   -3.2125822752714157
1.0   24.278279840946198
1.0   13.776646614074707
1.0   11.886346578598022
1.0   7.2447580099105835
1.0   6.866089105606079
1.0   6.248386174440384
1.0   1.9771661311388016
1.0   12.53683590888977
1.0   21.913029551506042
1.0   7.80037534236908
1.0   11.250653445720673
1.0   13.576550990343094
1.0   12.70978744328022
1.0   -3.8486726209521294
1.0   29.1958569586277
1.0   24.16997730731964
1.0   17.193300366401672
1.0   19.079390168190002
1.0   4.160222947597504
1.0   37.980548322200775
1.0   34.9371133595705
1.0   38.91507640480995
1.0   37.36198076605797
1.0   4.879980027675629
1.0   25.66605904698372
1.0   41.37280912697315
1.0   18.858394145965576
1.0   7.620553135871887
1.0   34.752733409404755
1.0   37.49000111222267
1.0   21.471009254455566
1.0   42.982495844364166
1.0   37.52560789883137
1.0   16.559256315231323
1.0   30.629988312721252
1.0   27.515899777412415
1.0   -3.654305726289749
1.0   19.431861996650696
1.0   3.8647404313087463
1.0   2.823837161064148
1.0   28.007978200912476
1.0   40.43061922490597
1.0   25.96359610557556
1.0   38.656535260379314
1.0   34.463191241025925
1.0   13.654362678527832
1.0   39.343301206827164
1.0   2.951531171798706
1.0   10.993529319763184
1.0   4.236987352371216
1.0   0.6465493142604828
1.0   17.178587794303894
1.0   6.9546520709991455
1.0   -3.7157517075538635
1.0   -5.442917354404926
1.0   -5.320285227149725
1.0   -5.410890258848667
1.0   0.518067255616188
1.0   13.486161410808563
1.0   -4.52582311630249
1.0   16.974901244044304
1.0   5.603793740272522
1.0   -5.355129726231098
1.0   14.906278252601624
1.0   -3.711039351299405
1.0   30.993394136428833
1.0   34.50259154289961
1.0   -3.5718099419027567
1.0   22.43131533265114
1.0   19.97636365890503
1.0   -1.5156575217843056
1.0   4.73366005718708
AUC-ROC: 0.8557, AUC-PR: 0.9519
0.0   -2.6463546082377434
0.0   -3.2379272747784853
0.0   -1.7435334995388985
0.0   1.1371299028396606
0.0   4.068710178136826
0.0   6.374819681048393
0.0   0.31634196639060974
0.0   -1.1349382549524307
0.0   0.23531870543956757
0.0   4.129037648439407
0.0   1.7653586119413376
0.0   -1.606970957480371
0.0   -1.22105591930449
0.0   -4.038408407941461
0.0   1.446405902504921
0.0   -0.8907197341322899
0.0   -0.7597935907542706
0.0   -4.192184602841735
0.0   -3.3769934251904488
0.0   -4.013415232300758
0.0   -0.24336519837379456
0.0   -1.1062837541103363
0.0   -3.7676140163093805
0.0   -2.4112570490688086
0.0   -4.128068618476391
0.0   -3.4869914911687374
0.0   -3.9192938935011625
0.0   -1.468404008075595
1.0   15.976293921470642
1.0   7.614812850952148
1.0   7.122973084449768
1.0   4.201962113380432
1.0   1.1213163435459137
1.0   4.223425671458244
1.0   -0.7455505132675171
1.0   3.2164666652679443
1.0   12.48651134967804
1.0   6.483170658349991
1.0   8.088615119457245
1.0   9.168756678700447
1.0   8.579584851861
1.0   -3.072092331945896
1.0   18.582842111587524
1.0   16.855279207229614
1.0   10.191248625516891
1.0   13.084049224853516
1.0   2.8510828018188477
1.0   27.441489279270172
1.0   26.87314149737358
1.0   29.451099425554276
1.0   28.193733990192413
1.0   4.461519032716751
1.0   18.518728852272034
1.0   31.69828513264656
1.0   13.254729509353638
1.0   4.3750574588775635
1.0   23.18676406145096
1.0   26.799398839473724
1.0   11.791583061218262
1.0   33.449816942214966
1.0   27.420166015625
1.0   9.562594175338745
1.0   20.913804054260254
1.0   17.846654534339905
1.0   -3.265898697078228
1.0   12.880342543125153
1.0   2.9561477601528168
1.0   2.7661368250846863
1.0   23.340546250343323
1.0   32.07519173622131
1.0   19.51293456554413
1.0   30.69205490499735
1.0   27.67389887571335
1.0   10.550060272216797
1.0   30.205057740211487
1.0   0.6597617268562317
1.0   7.757585644721985
1.0   1.6196840405464172
1.0   -0.6463039293885231
1.0   11.976874113082886
1.0   6.887202978134155
1.0   -0.3009847402572632
1.0   -5.147868413478136
1.0   -4.939475637860596
1.0   -5.12549673486501
1.0   3.7253943532705307
1.0   9.047857120633125
1.0   -2.810355393216014
1.0   14.173091560602188
1.0   6.719961553812027
1.0   -4.692993899807334
1.0   12.599870175123215
1.0   -0.3176133520901203
1.0   21.39318609237671
1.0   23.47557505965233
1.0   -2.2648881021887064
1.0   17.362289547920227
1.0   13.96699583530426
1.0   -1.4181904941797256
1.0   4.442499831318855
AUC-ROC: 0.8646, AUC-PR: 0.9539
0.0   -1.1124601112678647
0.0   -2.218929585069418
0.0   -0.7638441398739815
0.0   3.0701110661029816
0.0   5.011882156133652
0.0   8.731128349900246
0.0   1.7925392091274261
0.0   2.8321399688720703
0.0   2.2377892583608627
0.0   6.264969170093536
0.0   4.295273840427399
0.0   -0.5723814610391855
0.0   1.1022229194641113
0.0   -3.7418514639139175
0.0   4.881261870265007
0.0   2.0881258249282837
0.0   1.185066044330597
0.0   -3.8955869507044554
0.0   -2.37185899913311
0.0   -3.3738810811191797
0.0   2.969327062368393
0.0   1.1873317807912827
0.0   -3.0250810207799077
0.0   -1.1927796704694629
0.0   -3.9316495452076197
0.0   -2.47982235904783
0.0   -3.6829066975042224
0.0   -0.04300282895565033
1.0   17.117831587791443
1.0   6.602798938751221
1.0   9.354889035224915
1.0   6.327512502670288
1.0   6.2280614376068115
1.0   8.401261121034622
1.0   1.426589697599411
1.0   10.171452045440674
1.0   16.111840784549713
1.0   13.873833894729614
1.0   10.2605881690979
1.0   13.035837054252625
1.0   9.399923041462898
1.0   -1.8694597333669662
1.0   22.117197290062904
1.0   22.008233666419983
1.0   10.362483203411102
1.0   12.071715831756592
1.0   4.546673849225044
1.0   27.93756213784218
1.0   27.04606169462204
1.0   28.776014506816864
1.0   28.384098887443542
1.0   11.665303409099579
1.0   25.05002436041832
1.0   31.023291185498238
1.0   16.685349583625793
1.0   11.54216206073761
1.0   23.163878679275513
1.0   26.0172458589077
1.0   12.143783926963806
1.0   39.95276829600334
1.0   26.48314866423607
1.0   14.839725017547607
1.0   23.641825079917908
1.0   19.30834650993347
1.0   -2.316979955881834
1.0   21.239343881607056
1.0   3.7630128264427185
1.0   6.406077682971954
1.0   26.53912329673767
1.0   35.954237669706345
1.0   26.196959853172302
1.0   32.059923470020294
1.0   27.44985818862915
1.0   18.166851103305817
1.0   35.2889618575573
1.0   1.9327053427696228
1.0   14.753064274787903
1.0   7.163245975971222
1.0   1.2186718434095383
1.0   16.074060440063477
1.0   10.760633826255798
1.0   6.471670866012573
1.0   -5.0922430120408535
1.0   -4.711795214563608
1.0   -5.160547686740756
1.0   7.109059751033783
1.0   8.923417627811432
1.0   -0.6668841689825058
1.0   17.60725289583206
1.0   12.270727097988129
1.0   -3.7433563247323036
1.0   15.96075814962387
1.0   6.052768476307392
1.0   28.18050926923752
1.0   23.505208302289248
1.0   -1.518803857266903
1.0   21.306222915649414
1.0   16.187191486358643
1.0   -0.23351623117923737
1.0   5.363388583064079
AUC-ROC: 0.8745, AUC-PR: 0.9584
0.0   -1.200138583779335
0.0   -2.4317458868026733
0.0   -1.4810683829709888
0.0   3.030045583844185
0.0   4.607847109436989
0.0   6.680466748774052
0.0   1.067515879869461
0.0   0.2595825493335724
0.0   2.0394254997372627
0.0   3.713434398174286
0.0   2.935713365674019
0.0   -0.7963462732732296
0.0   -0.03535967133939266
0.0   -4.100029243156314
0.0   3.865309774875641
0.0   1.5928981229662895
0.0   0.5160445421934128
0.0   -4.175902305170894
0.0   -3.0875394213944674
0.0   -3.5704068951308727
0.0   2.7087500542402267
0.0   0.26206317637115717
0.0   -3.2006069980561733
0.0   -1.1766803562641144
0.0   -4.196187840774655
0.0   -2.905020819976926
0.0   -4.008363818749785
0.0   -0.4516930691897869
1.0   18.046096801757812
1.0   7.219401121139526
1.0   8.029508829116821
1.0   5.364370107650757
1.0   9.099322199821472
1.0   7.319200903177261
1.0   2.4551910758018494
1.0   13.096843123435974
1.0   15.306854486465454
1.0   13.166674017906189
1.0   11.369231820106506
1.0   14.601438224315643
1.0   11.016993939876556
1.0   -2.1052503436803818
1.0   22.668025881052017
1.0   22.88422727584839
1.0   12.037220239639282
1.0   12.789673328399658
1.0   3.9817855656147003
1.0   27.295568823814392
1.0   29.973224341869354
1.0   31.08070805668831
1.0   31.223500818014145
1.0   10.610750913619995
1.0   23.306012630462646
1.0   34.0190419703722
1.0   16.964133262634277
1.0   9.547038674354553
1.0   22.807465493679047
1.0   29.144222021102905
1.0   13.55339002609253
1.0   38.087450817227364
1.0   29.423323839902878
1.0   14.968482732772827
1.0   21.92586100101471
1.0   22.09933739900589
1.0   -2.7832835614681244
1.0   18.59652829170227
1.0   6.004385977983475
1.0   6.1947707533836365
1.0   27.711720287799835
1.0   36.57987538725138
1.0   25.05209857225418
1.0   32.64760514348745
1.0   29.750165939331055
1.0   15.611253678798676
1.0   34.337168142199516
1.0   3.9932903051376343
1.0   12.855913519859314
1.0   5.95826929807663
1.0   2.2989123165607452
1.0   17.106236457824707
1.0   10.564690709114075
1.0   5.084912717342377
1.0   -5.108001513406634
1.0   -4.8049476854503155
1.0   -5.149510104209185
1.0   6.067179575562477
1.0   10.416159570217133
1.0   -1.6588446889072657
1.0   18.97306764125824
1.0   14.184529423713684
1.0   -4.24039252102375
1.0   18.11616599559784
1.0   5.060940772294998
1.0   27.084340929985046
1.0   27.29734931141138
1.0   -1.6860627848654985
1.0   20.91744565963745
1.0   17.861011028289795
1.0   0.0560813769698143
1.0   6.395964831113815
AUC-ROC: 0.8869, AUC-PR: 0.9637
0.0   0.8494317680597305
0.0   -1.8379292385652661
0.0   -1.4849817994982004
0.0   2.437344938516617
0.0   5.827954262495041
0.0   7.740415155887604
0.0   0.9882418811321259
0.0   1.0456385612487793
0.0   3.6783823743462563
0.0   6.715978741645813
0.0   6.090344324707985
0.0   -0.31191784143447876
0.0   1.2403655126690865
0.0   -4.160453109070659
0.0   4.623249053955078
0.0   1.2563347071409225
0.0   1.7158344089984894
0.0   -3.7980592735111713
0.0   -2.317693737335503
0.0   -2.6192345395684242
0.0   3.5833996534347534
0.0   2.1672837287187576
0.0   -2.2359926402568817
0.0   -0.5216325893998146
0.0   -3.9343694392591715
0.0   -1.9198137801140547
0.0   -3.4858829583972692
0.0   1.8967902287840843
1.0   19.110841423273087
1.0   8.431976079940796
1.0   9.868204832077026
1.0   7.797665596008301
1.0   8.111035227775574
1.0   9.463847160339355
1.0   3.2775177359580994
1.0   12.733031034469604
1.0   16.3711758852005
1.0   15.44780844449997
1.0   12.70737087726593
1.0   13.754134684801102
1.0   11.232454478740692
1.0   -1.3815898671746254
1.0   23.0822963565588
1.0   22.4615740776062
1.0   12.606113851070404
1.0   14.04014003276825
1.0   5.941974014043808
1.0   30.170830696821213
1.0   31.111415207386017
1.0   33.40045276284218
1.0   31.203100621700287
1.0   11.720769107341766
1.0   21.575341165065765
1.0   34.17272122204304
1.0   18.66511982679367
1.0   9.792694091796875
1.0   25.989529073238373
1.0   29.990330308675766
1.0   13.124468803405762
1.0   37.025591775774956
1.0   30.6861003190279
1.0   13.859717607498169
1.0   26.303507328033447
1.0   22.572513699531555
1.0   -2.0417339205741882
1.0   17.009785771369934
1.0   8.535825341939926
1.0   5.586243182420731
1.0   28.556659996509552
1.0   35.62022311985493
1.0   24.672571897506714
1.0   32.453724309802055
1.0   30.969421729445457
1.0   15.78754460811615
1.0   32.107492566108704
1.0   6.1302074790000916
1.0   13.08715832233429
1.0   5.404444336891174
1.0   3.826391562819481
1.0   16.75236988067627
1.0   11.267863631248474
1.0   6.678208351135254
1.0   -5.074104584753513
1.0   -4.463271336629987
1.0   -5.090664401650429
1.0   7.225303292274475
1.0   10.628549844026566
1.0   -1.7792375832796097
1.0   18.71377208828926
1.0   14.99181056022644
1.0   -4.152610645629466
1.0   18.070273876190186
1.0   4.328873910009861
1.0   24.586540579795837
1.0   27.860419124364853
1.0   -0.7459976822137833
1.0   21.559969127178192
1.0   18.29452383518219
1.0   0.5570651739835739
1.0   7.6918448358774185
AUC-ROC: 0.8824, AUC-PR: 0.9618
0.0   -2.994579207152128
0.0   -3.774677934125066
0.0   -3.5150341782718897
0.0   -1.9369873572140932
0.0   0.4156346991658211
0.0   3.2751761227846146
0.0   -2.154487382620573
0.0   -2.515718597918749
0.0   0.8937527686357498
0.0   2.765930265188217
0.0   4.752497434616089
0.0   -2.38425524905324
0.0   -0.9561010599136353
0.0   -4.830272342078388
0.0   2.909758284687996
0.0   -2.5006048269569874
0.0   -0.909026488661766
0.0   -4.696505082305521
0.0   -4.128671443089843
0.0   -4.124261554330587
0.0   -0.15889622271060944
0.0   -1.4462083205580711
0.0   -3.5685675982385874
0.0   -2.127166117541492
0.0   -4.815116861835122
0.0   -3.7736615044996142
0.0   -4.512962346896529
0.0   -0.5037812665104866
1.0   20.352357000112534
1.0   9.755641222000122
1.0   10.867875814437866
1.0   7.8238255977630615
1.0   6.976635217666626
1.0   9.51904684305191
1.0   -0.3258337378501892
1.0   10.732441425323486
1.0   18.45239144563675
1.0   15.013635277748108
1.0   12.270767450332642
1.0   14.696970254182816
1.0   10.958697199821472
1.0   -3.333879732526839
1.0   23.567090705037117
1.0   25.52883020043373
1.0   12.669561922550201
1.0   13.074099123477936
1.0   3.569608971476555
1.0   32.14832526445389
1.0   25.603537008166313
1.0   26.837667167186737
1.0   24.084268003702164
1.0   5.712891697883606
1.0   19.769421309232712
1.0   28.310438573360443
1.0   11.522405683994293
1.0   5.914247035980225
1.0   22.499214470386505
1.0   23.591305911540985
1.0   8.107742547988892
1.0   34.740928024053574
1.0   24.02850778400898
1.0   10.103365182876587
1.0   23.381558299064636
1.0   14.381992161273956
1.0   -3.7862847317010164
1.0   13.565480589866638
1.0   2.6519145369529724
1.0   2.7700375020504
1.0   23.749136567115784
1.0   29.435977026820183
1.0   18.76186913251877
1.0   26.00648982822895
1.0   25.512473329901695
1.0   9.937867105007172
1.0   27.948022186756134
1.0   1.4814982414245605
1.0   8.9479820728302
1.0   3.465339779853821
1.0   -0.1963433474302292
1.0   9.238458216190338
1.0   6.608899474143982
1.0   0.8662271872162819
1.0   -5.226489344611764
1.0   -4.9298372976481915
1.0   -5.263622874394059
1.0   1.7776222750544548
1.0   8.041408121585846
1.0   -3.5739511474967003
1.0   8.305480420589447
1.0   9.840258836746216
1.0   -4.999679125845432
1.0   11.34586489200592
1.0   -0.23119423165917397
1.0   24.166129171848297
1.0   22.04303402081132
1.0   -3.2733023706823587
1.0   18.618274003267288
1.0   18.05474054813385
1.0   -1.2619117312133312
1.0   1.616173729300499
AUC-ROC: 0.8775, AUC-PR: 0.9596
0.0   -3.629895882681012
0.0   -4.06685237493366
0.0   -3.8350012321025133
0.0   -2.116723507642746
0.0   -0.30538423359394073
0.0   0.8220405578613281
0.0   -2.3797166012227535
0.0   -2.7731853537261486
0.0   1.6596917808055878
0.0   3.4417758733034134
0.0   3.280361771583557
0.0   -2.950117025524378
0.0   -0.47615740448236465
0.0   -4.877680393867195
0.0   3.3210594058036804
0.0   -2.76211707200855
0.0   -2.155028820037842
0.0   -4.836865794379264
0.0   -4.5150840184651315
0.0   -4.374354516621679
0.0   -2.5616463497281075
0.0   -2.542974390089512
0.0   -3.8427600250579417
0.0   -2.9169476041570306
0.0   -4.970088801346719
0.0   -4.0641028033569455
0.0   -4.705534912645817
0.0   -1.780245803296566
1.0   19.093755662441254
1.0   9.576078653335571
1.0   9.878657221794128
1.0   6.882383584976196
1.0   4.783332109451294
1.0   8.876177191734314
1.0   1.001231387257576
1.0   10.24481999874115
1.0   16.468067586421967
1.0   12.13559740781784
1.0   11.045888781547546
1.0   13.813221141695976
1.0   12.42665958404541
1.0   -3.681339852977544
1.0   25.06158298254013
1.0   24.129922211170197
1.0   14.29351145029068
1.0   13.757192969322205
1.0   3.4276957362890244
1.0   30.236384570598602
1.0   28.531668603420258
1.0   31.685210794210434
1.0   28.816714823246002
1.0   5.083990097045898
1.0   16.334338545799255
1.0   32.05981469154358
1.0   13.045783519744873
1.0   3.246204912662506
1.0   25.78989428281784
1.0   27.813814640045166
1.0   11.477787971496582
1.0   32.316075563430786
1.0   28.613172203302383
1.0   8.952775955200195
1.0   24.235706686973572
1.0   18.2875617146492
1.0   -4.121696088463068
1.0   8.40941870212555
1.0   4.2124039232730865
1.0   -0.2028476595878601
1.0   25.359602570533752
1.0   31.24310190975666
1.0   20.772730112075806
1.0   29.53223592042923
1.0   28.37184250354767
1.0   7.741463780403137
1.0   27.40991473197937
1.0   1.4959376752376556
1.0   10.352272629737854
1.0   1.6846164464950562
1.0   -0.9539125859737396
1.0   10.879030108451843
1.0   4.8548842668533325
1.0   1.296189233660698
1.0   -5.2247835248708725
1.0   -5.057556875050068
1.0   -5.257284043356776
1.0   4.927431240677834
1.0   10.91553483903408
1.0   -3.8830824829638004
1.0   11.513554871082306
1.0   14.369215190410614
1.0   -5.001879554241896
1.0   16.043049693107605
1.0   0.1227908730506897
1.0   18.956188440322876
1.0   26.313211657106876
1.0   -3.908585499972105
1.0   14.148883670568466
1.0   17.56069564819336
1.0   -1.5015491358935833
1.0   3.414950042963028
AUC-ROC: 0.8829, AUC-PR: 0.9620
0.0   -3.0565403420478106
0.0   -3.9716554870828986
0.0   -3.9486815351992846
0.0   -2.0984331872314215
0.0   -1.3210616633296013
0.0   -0.07570547424256802
0.0   -2.2875825874507427
0.0   -2.943747265264392
0.0   0.28974395990371704
0.0   1.1537525653839111
0.0   1.5035212486982346
0.0   -2.54250346776098
0.0   -0.22093604132533073
0.0   -5.066192438825965
0.0   2.233335331082344
0.0   -2.5770861953496933
0.0   -1.7084386684000492
0.0   -4.941849194467068
0.0   -4.518463581800461
0.0   -4.375707723200321
0.0   -2.5067322812974453
0.0   -2.1095196679234505
0.0   -3.697649786248803
0.0   -2.264094453305006
0.0   -5.095560341142118
0.0   -3.9828150030225515
0.0   -4.760359510779381
0.0   -1.4347856491804123
1.0   16.509069561958313
1.0   6.947737455368042
1.0   7.6819599866867065
1.0   5.006234169006348
1.0   3.4804500341415405
1.0   8.635389000177383
1.0   0.9406133592128754
1.0   8.902962803840637
1.0   13.810694813728333
1.0   12.703612565994263
1.0   9.351936101913452
1.0   14.845159888267517
1.0   11.916023015975952
1.0   -3.209768895059824
1.0   24.530384749174118
1.0   24.216643184423447
1.0   13.247390747070312
1.0   12.044529259204865
1.0   0.68454509973526
1.0   27.8637855052948
1.0   30.10899791121483
1.0   33.192740231752396
1.0   31.59475326538086
1.0   8.579300463199615
1.0   22.02902525663376
1.0   33.9418543279171
1.0   14.97841227054596
1.0   8.085009336471558
1.0   25.760110080242157
1.0   30.32937330007553
1.0   13.928363561630249
1.0   37.15580463409424
1.0   30.313759982585907
1.0   13.377776622772217
1.0   25.20995342731476
1.0   22.304073929786682
1.0   -4.125000897794962
1.0   16.483769416809082
1.0   5.9386551678180695
1.0   1.8701815605163574
1.0   27.357933580875397
1.0   35.353890009224415
1.0   23.652356147766113
1.0   33.18177817761898
1.0   29.552930504083633
1.0   12.115487039089203
1.0   32.24397832155228
1.0   4.256402164697647
1.0   12.49231505393982
1.0   5.617727279663086
1.0   2.2422837018966675
1.0   16.153767943382263
1.0   6.914183795452118
1.0   4.938323557376862
1.0   -5.393737616017461
1.0   -5.177755353040993
1.0   -5.436882332898676
1.0   6.909642405807972
1.0   12.554153338074684
1.0   -3.347283210605383
1.0   16.62438501417637
1.0   18.442668735980988
1.0   -5.160607562400401
1.0   19.783386141061783
1.0   4.800735913217068
1.0   25.61081290245056
1.0   27.854597941040993
1.0   -3.980000041425228
1.0   17.162141054868698
1.0   17.417218327522278
1.0   -0.498984158039093
1.0   2.38864766061306
AUC-ROC: 0.8988, AUC-PR: 0.9688
0.0   -3.256400477141142
0.0   -3.706277937628329
0.0   -4.194121767766774
0.0   -2.588384611532092
0.0   -2.239983469247818
0.0   -0.9048387482762337
0.0   -2.34754450712353
0.0   -3.719763094559312
0.0   -0.7956590577960014
0.0   0.03564569354057312
0.0   1.1657867282629013
0.0   -2.6959856944158673
0.0   -0.8793833684176207
0.0   -4.996623762883246
0.0   1.9993968531489372
0.0   -3.3549125413410366
0.0   -1.9412867091596127
0.0   -4.757259089499712
0.0   -4.391845967620611
0.0   -4.279274456202984
0.0   -3.1421460220590234
0.0   -2.3754792911931872
0.0   -3.7393671860918403
0.0   -2.234197207726538
0.0   -4.947419949807227
0.0   -3.720903172157705
0.0   -4.596641379408538
0.0   -1.6821772260591388
1.0   17.68166935443878
1.0   8.385667085647583
1.0   9.528947353363037
1.0   6.240623831748962
1.0   3.5968350172042847
1.0   9.05044037103653
1.0   0.4029974043369293
1.0   8.055323004722595
1.0   15.499738931655884
1.0   14.730908274650574
1.0   10.65082836151123
1.0   15.844137459993362
1.0   12.57921701669693
1.0   -3.389738147147
1.0   23.35975554585457
1.0   25.31323280930519
1.0   13.888227701187134
1.0   11.875709593296051
1.0   0.6135321110486984
1.0   29.936053097248077
1.0   28.895663499832153
1.0   31.848404228687286
1.0   29.838520646095276
1.0   7.651878237724304
1.0   20.86745822429657
1.0   32.954221457242966
1.0   14.523119568824768
1.0   7.05906343460083
1.0   25.471198201179504
1.0   29.092177093029022
1.0   12.9266517162323
1.0   35.323898047208786
1.0   29.235429495573044
1.0   12.52810025215149
1.0   25.86211347579956
1.0   20.803238928318024
1.0   -3.9242420867085457
1.0   15.219261348247528
1.0   5.583485543727875
1.0   1.752990484237671
1.0   25.42525976896286
1.0   33.73285981267691
1.0   20.94715404510498
1.0   31.10175957530737
1.0   27.87648695707321
1.0   10.579600393772125
1.0   30.920884549617767
1.0   3.9395465552806854
1.0   9.91188907623291
1.0   5.183636724948883
1.0   2.3127726018428802
1.0   14.271457076072693
1.0   6.562323093414307
1.0   0.9224484860897064
1.0   -5.260697131976485
1.0   -4.940293161198497
1.0   -5.282024558633566
1.0   2.6265025436878204
1.0   12.096199616789818
1.0   -3.4306995775550604
1.0   13.071973651647568
1.0   16.7180894613266
1.0   -5.130449869669974
1.0   17.370007663965225
1.0   2.152772694826126
1.0   25.593947052955627
1.0   27.465670451521873
1.0   -3.8679962130263448
1.0   17.759842097759247
1.0   17.177106738090515
1.0   -0.48591863363981247
1.0   2.5824288427829742
AUC-ROC: 0.9028, AUC-PR: 0.9699
0.0   -4.091675043106079
0.0   -4.316728848963976
0.0   -4.634656172245741
0.0   -3.742088684812188
0.0   -3.6258281394839287
0.0   -2.0850919242948294
0.0   -3.240168569609523
0.0   -4.401045490056276
0.0   -2.724270150065422
0.0   -1.1779695022851229
0.0   -0.5998737625777721
0.0   -3.4859653059393167
0.0   -1.353239182382822
0.0   -5.258582593873143
0.0   -0.4263947866857052
0.0   -4.22763280197978
0.0   -2.484755139797926
0.0   -5.087251901626587
0.0   -4.783703871071339
0.0   -4.624431688338518
0.0   -3.937165044248104
0.0   -3.439299464225769
0.0   -4.19623045809567
0.0   -3.1733415108174086
0.0   -5.204533565789461
0.0   -4.2505530416965485
0.0   -4.878328379243612
0.0   -2.484882414340973
1.0   13.771671652793884
1.0   4.548747777938843
1.0   7.845423579216003
1.0   4.3029210567474365
1.0   0.5767489075660706
1.0   6.701761305332184
1.0   -1.2631122544407845
1.0   2.8413090854883194
1.0   11.988018989562988
1.0   11.103868007659912
1.0   7.1918506026268005
1.0   12.382862597703934
1.0   6.564660221338272
1.0   -3.914225820451975
1.0   16.795947641134262
1.0   21.41449373960495
1.0   7.909162819385529
1.0   6.126214653253555
1.0   -1.4347314722836018
1.0   27.889898359775543
1.0   20.684770941734314
1.0   26.587390393018723
1.0   25.46594601869583
1.0   5.868472993373871
1.0   19.003663778305054
1.0   25.095155954360962
1.0   7.857773184776306
1.0   5.357217311859131
1.0   22.338029205799103
1.0   21.56848382949829
1.0   8.695395231246948
1.0   34.30890303850174
1.0   22.550711750984192
1.0   9.35951852798462
1.0   23.6539169549942
1.0   14.59563034772873
1.0   -4.395454967394471
1.0   13.219322383403778
1.0   0.7589595317840576
1.0   0.6307458281517029
1.0   16.971911191940308
1.0   26.51241832971573
1.0   17.590092062950134
1.0   22.111355185508728
1.0   19.68317884206772
1.0   9.331185638904572
1.0   25.81990760564804
1.0   0.5806487798690796
1.0   8.333569169044495
1.0   3.793015480041504
1.0   -0.8426820188760757
1.0   8.302152276039124
1.0   4.7271575927734375
1.0   -1.310335949063301
1.0   -5.47267990373075
1.0   -5.227708720602095
1.0   -5.485709073022008
1.0   -0.11055149883031845
1.0   5.6371189802885056
1.0   -3.976027198135853
1.0   6.083323955535889
1.0   7.1758241057395935
1.0   -5.379416624084115
1.0   9.422445565462112
1.0   -0.6291938200592995
1.0   23.254493713378906
1.0   22.191366866230965
1.0   -4.268325228244066
1.0   16.294468626379967
1.0   16.683627247810364
1.0   -1.3964331224560738
1.0   2.338104769587517
AUC-ROC: 0.9023, AUC-PR: 0.9692
0.0   -3.893838313408196
0.0   -4.380795089527965
0.0   -4.261783249210566
0.0   -3.2647781698033214
0.0   -2.634339353069663
0.0   -1.394633935764432
0.0   -2.5210910430178046
0.0   -4.064194748178124
0.0   0.32650838792324066
0.0   1.9377127587795258
0.0   2.9301018118858337
0.0   -3.12253176048398
0.0   1.7253106534481049
0.0   -5.1141858492046595
0.0   2.474028542637825
0.0   -3.791875393129885
0.0   -1.9253814686089754
0.0   -5.007874651812017
0.0   -4.6070518009364605
0.0   -4.4296728149056435
0.0   -3.3996370593085885
0.0   -3.1325493338517845
0.0   -3.8357038544490933
0.0   -2.8477458273991942
0.0   -5.100589772686362
0.0   -4.133679729886353
0.0   -4.758555534295738
0.0   -1.5948384683579206
1.0   18.494037330150604
1.0   9.375990152359009
1.0   8.979158759117126
1.0   4.849909782409668
1.0   4.044716119766235
1.0   7.7799215614795685
1.0   0.23973381519317627
1.0   8.97396206855774
1.0   16.77926605939865
1.0   12.14791402220726
1.0   9.475059747695923
1.0   17.46246264874935
1.0   14.869887620210648
1.0   -3.4564730655401945
1.0   27.08128124475479
1.0   26.741821080446243
1.0   14.789104402065277
1.0   12.38778617978096
1.0   1.6089965850114822
1.0   30.029500901699066
1.0   25.32380749285221
1.0   25.49054490029812
1.0   20.617580354213715
1.0   5.634970843791962
1.0   17.660751342773438
1.0   27.24841195344925
1.0   12.65773755311966
1.0   5.745888829231262
1.0   22.410893619060516
1.0   22.75507742166519
1.0   6.400787174701691
1.0   30.91086632013321
1.0   24.137093782424927
1.0   7.158424973487854
1.0   23.545876145362854
1.0   13.404309034347534
1.0   -4.013194931671023
1.0   12.60620665550232
1.0   3.3761850893497467
1.0   1.5690304934978485
1.0   24.368836581707
1.0   28.791575849056244
1.0   15.323491215705872
1.0   27.331882618367672
1.0   24.88417924940586
1.0   10.343418657779694
1.0   22.945002168416977
1.0   2.9073115587234497
1.0   8.142627120018005
1.0   3.3771539330482483
1.0   0.7608931660652161
1.0   9.389707565307617
1.0   5.34898054599762
1.0   1.3291464447975159
1.0   -5.358058150857687
1.0   -4.95585230179131
1.0   -5.3802694901824
1.0   2.10779700987041
1.0   9.820099502801895
1.0   -2.4775506258010864
1.0   8.16943696141243
1.0   14.498344779014587
1.0   -5.166531011462212
1.0   11.996587604284286
1.0   1.4600670132786036
1.0   19.119182109832764
1.0   21.09555284678936
1.0   -4.074012339115143
1.0   21.257303148508072
1.0   20.489601969718933
1.0   -1.0026073101907969
1.0   2.2051112353801727
AUC-ROC: 0.8988, AUC-PR: 0.9669
0.0   -3.529629999771714
0.0   -4.028716210275888
0.0   -4.095447594765574
0.0   -2.6982540506869555
0.0   -2.023015797138214
0.0   -1.2308741174638271
0.0   -2.2676068395376205
0.0   -3.716395092662424
0.0   0.6075374037027359
0.0   0.9970735758543015
0.0   2.050874188542366
0.0   -2.7143402537330985
0.0   0.41640782356262207
0.0   -4.99291733186692
0.0   1.8215333819389343
0.0   -3.4614609871059656
0.0   -1.7981952652335167
0.0   -4.817195889540017
0.0   -4.348588430322707
0.0   -4.186342411674559
0.0   -2.9639909164980054
0.0   -2.613081249408424
0.0   -3.428427679464221
0.0   -2.3256892785429955
0.0   -4.960611735470593
0.0   -3.840842050500214
0.0   -4.5550277614966035
0.0   -1.4039737582206726
1.0   15.185227394104004
1.0   8.009812474250793
1.0   8.06893241405487
1.0   4.764321327209473
1.0   3.377521276473999
1.0   7.4328708946704865
1.0   0.49484072625637054
1.0   7.602056622505188
1.0   13.763732135295868
1.0   10.937850803136826
1.0   8.631992161273956
1.0   16.093343526124954
1.0   13.256697729229927
1.0   -3.302066322416067
1.0   24.52413158118725
1.0   24.184972256422043
1.0   13.450188934803009
1.0   11.757126897573471
1.0   0.940670445561409
1.0   28.746245354413986
1.0   26.853711128234863
1.0   28.07201173901558
1.0   25.785583466291428
1.0   7.302874118089676
1.0   19.687801718711853
1.0   30.207482889294624
1.0   14.634614765644073
1.0   7.162033677101135
1.0   22.537712812423706
1.0   26.344468355178833
1.0   10.202289462089539
1.0   33.08260929584503
1.0   26.20713448524475
1.0   10.938655257225037
1.0   22.78442072868347
1.0   18.409376084804535
1.0   -3.756294960156083
1.0   16.342936754226685
1.0   5.322401791810989
1.0   2.6729629933834076
1.0   25.199444115161896
1.0   32.21379530057311
1.0   18.231164932250977
1.0   29.38999754935503
1.0   26.20666439831257
1.0   11.61179369688034
1.0   27.272426709532738
1.0   4.136754393577576
1.0   9.004994988441467
1.0   5.186410367488861
1.0   1.4329046308994293
1.0   13.480242788791656
1.0   7.022248685359955
1.0   1.052720233798027
1.0   -5.297279026824981
1.0   -4.809053127653897
1.0   -5.295523325446993
1.0   3.0622871592640877
1.0   11.070168912410736
1.0   -2.6911288700066507
1.0   11.848842680454254
1.0   16.702141880989075
1.0   -5.086106110364199
1.0   16.069653064012527
1.0   3.3430833965539932
1.0   23.18025529384613
1.0   24.336907159537077
1.0   -3.8280707662925124
1.0   21.206355780363083
1.0   21.083277106285095
1.0   -0.7030294761061668
1.0   6.324901908636093
AUC-ROC: 0.9058, AUC-PR: 0.9703
0.0   -3.864342175424099
0.0   -4.249357344582677
0.0   -4.362625486217439
0.0   -3.2991579892113805
0.0   -2.7787749525159597
0.0   -1.6956760324537754
0.0   -2.623892478644848
0.0   -4.072097467258573
0.0   -0.686975821852684
0.0   -0.46516177244484425
0.0   0.34898553416132927
0.0   -3.1747693810611963
0.0   -0.4736298266798258
0.0   -5.083792069926858
0.0   -0.0020275600254535675
0.0   -3.8946926407516003
0.0   -2.0657309219241142
0.0   -4.904646970331669
0.0   -4.5297781536355615
0.0   -4.358899388462305
0.0   -3.551802285015583
0.0   -3.1111921202391386
0.0   -3.6887053959071636
0.0   -2.7925880514085293
0.0   -5.047363460995257
0.0   -4.068272225558758
0.0   -4.680825226008892
0.0   -1.7291362378746271
1.0   13.7690931558609
1.0   4.97172737121582
1.0   7.483872413635254
1.0   3.949843645095825
1.0   1.7618471384048462
1.0   6.526036083698273
1.0   -1.308236219920218
1.0   2.6493116542696953
1.0   12.23109519481659
1.0   10.492621183395386
1.0   7.692176461219788
1.0   15.545906573534012
1.0   8.675874918699265
1.0   -3.712517274543643
1.0   19.266635477542877
1.0   24.354686304926872
1.0   8.581625998020172
1.0   7.159006834030151
1.0   -0.42534564435482025
1.0   28.18125405907631
1.0   25.824450999498367
1.0   26.50367173552513
1.0   23.325875222682953
1.0   3.4484090507030487
1.0   14.833050727844238
1.0   29.09369394183159
1.0   12.720730543136597
1.0   4.593061208724976
1.0   21.708475947380066
1.0   24.518039107322693
1.0   7.82913076877594
1.0   28.96913653612137
1.0   24.631205216050148
1.0   9.756514310836792
1.0   22.468660354614258
1.0   16.50618463754654
1.0   -3.983204824849963
1.0   12.120284080505371
1.0   4.0668171644210815
1.0   0.8361420929431915
1.0   24.17088633775711
1.0   31.639366999268532
1.0   15.620718538761139
1.0   28.37013480812311
1.0   24.74324545264244
1.0   8.091493666172028
1.0   27.406393438577652
1.0   3.1300042867660522
1.0   6.801531553268433
1.0   3.235211491584778
1.0   1.208442360162735
1.0   12.358194053173065
1.0   5.135817170143127
1.0   0.47309058904647827
1.0   -5.343486572615802
1.0   -4.912714842706919
1.0   -5.35079753678292
1.0   1.4569905139505863
1.0   10.000946268439293
1.0   -3.1346021741628647
1.0   8.726678371429443
1.0   15.405677378177643
1.0   -5.17819662950933
1.0   14.650661438703537
1.0   0.701963173225522
1.0   20.65023970603943
1.0   22.64924220368266
1.0   -4.061793077737093
1.0   21.31600332260132
1.0   20.673364520072937
1.0   -0.7947680652141571
1.0   3.0118441730737686
AUC-ROC: 0.9077, AUC-PR: 0.9712
0.0   -4.247801300138235
0.0   -4.639960199594498
0.0   -4.617221067659557
0.0   -3.8557529654353857
0.0   -3.5698154722340405
0.0   -2.3346653478220105
0.0   -3.180665316991508
0.0   -4.400198475457728
0.0   -2.0202539935708046
0.0   -1.0308878403156996
0.0   0.34354835748672485
0.0   -3.824139753356576
0.0   -0.8249778598546982
0.0   -5.247099837753922
0.0   -0.3774378374218941
0.0   -4.329073116183281
0.0   -2.8014559652656317
0.0   -5.131940525025129
0.0   -4.83589058322832
0.0   -4.71291748713702
0.0   -4.236182426102459
0.0   -3.716522260569036
0.0   -4.241125489585102
0.0   -3.541669139638543
0.0   -5.242884826846421
0.0   -4.449800028465688
0.0   -4.946489507332444
0.0   -2.663579011335969
1.0   16.07131516933441
1.0   7.166348457336426
1.0   7.483811259269714
1.0   3.842583179473877
1.0   1.5331969261169434
1.0   5.555792674422264
1.0   -2.027006891556084
1.0   6.432876348495483
1.0   14.30909913778305
1.0   9.619625598192215
1.0   7.902465581893921
1.0   14.625906497240067
1.0   12.08403167128563
1.0   -4.055579527281225
1.0   23.429594948887825
1.0   23.68982782959938
1.0   12.117763936519623
1.0   9.109958559274673
1.0   -0.8321876227855682
1.0   29.118426620960236
1.0   27.389789134263992
1.0   29.443111389875412
1.0   25.537332952022552
1.0   3.864511638879776
1.0   16.082835912704468
1.0   31.28712570667267
1.0   12.580540657043457
1.0   4.629335880279541
1.0   24.424781799316406
1.0   26.72256714105606
1.0   10.181749820709229
1.0   30.22373139858246
1.0   27.012436628341675
1.0   9.909044027328491
1.0   24.90361714363098
1.0   18.156761169433594
1.0   -4.365616008639336
1.0   12.267866849899292
1.0   4.169415980577469
1.0   0.8715940117835999
1.0   24.579081535339355
1.0   31.565992578864098
1.0   17.63011085987091
1.0   28.59529183804989
1.0   26.304472863674164
1.0   8.008885681629181
1.0   27.855876952409744
1.0   2.1089730262756348
1.0   6.766499280929565
1.0   2.90229868888855
1.0   0.12429733574390411
1.0   12.047542810440063
1.0   4.923312246799469
1.0   -1.0152035728096962
1.0   -5.464995588175952
1.0   -5.151055062189698
1.0   -5.491089124232531
1.0   0.6617966955527663
1.0   10.664645090699196
1.0   -3.5456722043454647
1.0   10.299827829003334
1.0   15.770263195037842
1.0   -5.355374048464
1.0   15.611908257007599
1.0   -0.28022359032183886
1.0   21.698924899101257
1.0   25.553819235414267
1.0   -4.408879690803587
1.0   16.64382666349411
1.0   18.056118965148926
1.0   -1.626475939527154
1.0   0.9177764877676964
AUC-ROC: 0.9067, AUC-PR: 0.9706
0.0   -3.528425097465515
0.0   -4.142387070693076
0.0   -4.201218035072088
0.0   -3.000171701423824
0.0   -2.24125749617815
0.0   -1.2748182620853186
0.0   -2.3373351050540805
0.0   -3.7296921713277698
0.0   0.5015117973089218
0.0   1.174005165696144
0.0   2.7218517512083054
0.0   -2.9459175635129213
0.0   0.7238450199365616
0.0   -5.079054449684918
0.0   2.1616450399160385
0.0   -3.701762503013015
0.0   -1.7526100585237145
0.0   -4.896858824416995
0.0   -4.445386620238423
0.0   -4.288870841264725
0.0   -3.3014249578118324
0.0   -2.6841480853036046
0.0   -3.5900783045217395
0.0   -2.3545040572062135
0.0   -5.05127362255007
0.0   -3.9401007276028395
0.0   -4.674786625895649
0.0   -1.502674582414329
1.0   16.96885433793068
1.0   8.832395553588867
1.0   6.872225761413574
1.0   3.55277419090271
1.0   3.203712821006775
1.0   5.738801196217537
1.0   0.08010755479335785
1.0   8.003233194351196
1.0   13.869851648807526
1.0   9.274777680635452
1.0   9.244798362255096
1.0   15.687874019145966
1.0   14.511959195137024
1.0   -3.523871125653386
1.0   24.403700426220894
1.0   23.376337990164757
1.0   14.228731155395508
1.0   11.83606642484665
1.0   1.8266847729682922
1.0   28.561627477407455
1.0   24.468160539865494
1.0   27.35585254430771
1.0   22.41315796971321
1.0   5.93184107542038
1.0   17.2309809923172
1.0   26.976864010095596
1.0   11.41221296787262
1.0   5.793975234031677
1.0   24.04894357919693
1.0   23.456953585147858
1.0   7.902808666229248
1.0   30.762113988399506
1.0   24.601562052965164
1.0   10.111427187919617
1.0   25.321912229061127
1.0   15.184806764125824
1.0   -3.8755929321050644
1.0   15.051123321056366
1.0   3.4234279692173004
1.0   2.2084679305553436
1.0   22.748715341091156
1.0   29.5640210211277
1.0   18.132451951503754
1.0   25.75248896330595
1.0   23.767103254795074
1.0   9.878174483776093
1.0   26.95553609728813
1.0   1.9589203596115112
1.0   8.73917829990387
1.0   4.232769191265106
1.0   0.8440721780061722
1.0   11.497538208961487
1.0   6.442504286766052
1.0   1.657461628317833
1.0   -5.352182665839791
1.0   -4.862925413064659
1.0   -5.376016231253743
1.0   2.029917176812887
1.0   9.182883635163307
1.0   -2.4979872070252895
1.0   9.427389562129974
1.0   14.264638781547546
1.0   -5.1499796863645315
1.0   14.048857986927032
1.0   1.6177570894360542
1.0   22.107128977775574
1.0   22.65213292092085
1.0   -3.9306174516677856
1.0   22.17449602484703
1.0   21.102898001670837
1.0   -0.8445415124297142
1.0   6.2623293697834015
AUC-ROC: 0.9023, AUC-PR: 0.9686
0.0   -3.8831993211060762
0.0   -4.397193163633347
0.0   -4.193856343626976
0.0   -3.354130051098764
0.0   -2.7791157327592373
0.0   -1.433246923610568
0.0   -2.5752508314326406
0.0   -4.075229933485389
0.0   -1.4541442096233368
0.0   -0.1954002594575286
0.0   0.2692302130162716
0.0   -3.31892972253263
0.0   0.03576722741127014
0.0   -5.138084091246128
0.0   0.4996745139360428
0.0   -3.9128960240632296
0.0   -1.9799165315926075
0.0   -4.9927656427025795
0.0   -4.5960526736453176
0.0   -4.49041492305696
0.0   -3.7886615078896284
0.0   -3.340365153737366
0.0   -3.9844542732462287
0.0   -2.8030174197629094
0.0   -5.126013802364469
0.0   -4.159280803054571
0.0   -4.7615351574495435
0.0   -1.9359246920794249
1.0   13.768346607685089
1.0   5.505033612251282
1.0   6.235973238945007
1.0   2.6596089601516724
1.0   4.0981327295303345
1.0   5.4285164177417755
1.0   -1.3792216926813126
1.0   7.0073301792144775
1.0   13.120881378650665
1.0   10.452697992324829
1.0   7.460123062133789
1.0   17.307973593473434
1.0   11.872972577810287
1.0   -3.3853602604940534
1.0   23.315873347222805
1.0   24.858878821134567
1.0   10.838094174861908
1.0   8.112780809402466
1.0   -0.6728105349466205
1.0   26.59805327653885
1.0   25.132704854011536
1.0   28.829098910093307
1.0   24.468697726726532
1.0   5.976340591907501
1.0   18.38494372367859
1.0   28.612648159265518
1.0   11.207228243350983
1.0   5.453149318695068
1.0   24.53153032064438
1.0   25.205699861049652
1.0   10.07654881477356
1.0   32.41395378112793
1.0   25.78720462322235
1.0   10.085322976112366
1.0   25.829675316810608
1.0   16.312830924987793
1.0   -4.095196329057217
1.0   14.869866132736206
1.0   2.721303343772888
1.0   1.1810293793678284
1.0   22.429581344127655
1.0   29.209595263004303
1.0   18.85767138004303
1.0   26.245029225945473
1.0   24.40609672665596
1.0   9.047317206859589
1.0   26.820928663015366
1.0   1.50392484664917
1.0   8.023762106895447
1.0   4.141652286052704
1.0   0.3333655893802643
1.0   10.008840918540955
1.0   4.795494854450226
1.0   -0.5917463824152946
1.0   -5.406365282833576
1.0   -4.846436962485313
1.0   -5.439253848977387
1.0   1.7425564751029015
1.0   9.363313794136047
1.0   -2.7019843719899654
1.0   9.838915288448334
1.0   13.35480123758316
1.0   -5.264235369861126
1.0   13.292718321084976
1.0   0.32132599502801895
1.0   22.94521200656891
1.0   23.95435294136405
1.0   -4.008463926613331
1.0   21.518808960914612
1.0   20.853429913520813
1.0   -0.5508920848369598
1.0   5.8814680725336075
AUC-ROC: 0.9072, AUC-PR: 0.9706
0.0   -3.7209868477657437
0.0   -4.201701554469764
0.0   -4.290539561770856
0.0   -3.2256325893104076
0.0   -2.606538888067007
0.0   -0.18996072560548782
0.0   -2.550573607906699
0.0   -3.9280251916497946
0.0   -1.281191200017929
0.0   2.2807683050632477
0.0   3.319270983338356
0.0   -3.1309369606897235
0.0   2.219836100935936
0.0   -5.124459873884916
0.0   3.4861704260110855
0.0   -3.814675034955144
0.0   -1.372121885418892
0.0   -4.929580878466368
0.0   -4.49376817047596
0.0   -4.381555141881108
0.0   -3.3965134359896183
0.0   -2.957104847766459
0.0   -3.7433733697980642
0.0   -2.6538765020668507
0.0   -5.074028925038874
0.0   -3.9735762495547533
0.0   -4.699655717238784
0.0   -1.622320532798767
1.0   15.577934443950653
1.0   8.776676416397095
1.0   9.69228196144104
1.0   4.734386086463928
1.0   4.875297546386719
1.0   8.418710872530937
1.0   0.05879053473472595
1.0   8.927024126052856
1.0   16.932002127170563
1.0   12.558145999908447
1.0   7.030717611312866
1.0   18.06634673476219
1.0   13.73520877957344
1.0   -3.5277515947818756
1.0   25.98999886214733
1.0   27.567626282572746
1.0   13.416120648384094
1.0   11.139478981494904
1.0   0.921280100941658
1.0   27.506654232740402
1.0   21.866598218679428
1.0   21.65032896399498
1.0   24.221097588539124
1.0   8.656711220741272
1.0   20.82377940416336
1.0   26.65224465727806
1.0   10.407763063907623
1.0   7.875687599182129
1.0   15.475940823554993
1.0   21.081596434116364
1.0   9.108014583587646
1.0   35.066953003406525
1.0   20.078333243727684
1.0   12.584617495536804
1.0   17.44128906726837
1.0   17.017268240451813
1.0   -3.9689743034541607
1.0   17.718075573444366
1.0   2.785750091075897
1.0   2.960148274898529
1.0   20.360341131687164
1.0   31.224329605698586
1.0   18.915033876895905
1.0   25.884334035217762
1.0   20.803196400403976
1.0   12.012241959571838
1.0   29.228829324245453
1.0   2.0107222199440002
1.0   10.518950343132019
1.0   5.538225948810577
1.0   0.8095076382160187
1.0   12.909872233867645
1.0   7.002188682556152
1.0   0.8777694702148438
1.0   -5.371927496045828
1.0   -4.906211672350764
1.0   -5.390746720135212
1.0   2.470860905945301
1.0   8.404851138591766
1.0   -2.928636759519577
1.0   9.21440213918686
1.0   13.946908831596375
1.0   -5.222886441275477
1.0   14.51510089635849
1.0   2.929598167538643
1.0   25.788132905960083
1.0   20.400467328727245
1.0   -3.9630663860589266
1.0   20.026200652122498
1.0   19.534758806228638
1.0   -1.0913821626454592
1.0   4.853548154234886
AUC-ROC: 0.8978, AUC-PR: 0.9667
0.0   -3.2516882196068764
0.0   -4.019335873425007
0.0   -4.064757966436446
0.0   -2.9315582513809204
0.0   -1.7000408321619034
0.0   -1.2667374704033136
0.0   -2.357433533295989
0.0   -3.738928065635264
0.0   0.8456456139683723
0.0   1.9684486836194992
0.0   3.4347321912646294
0.0   -2.8349818885326385
0.0   2.001208573579788
0.0   -5.006886680144817
0.0   1.9403299391269684
0.0   -3.558214975055307
0.0   -1.7366818599402905
0.0   -4.798450467176735
0.0   -4.323047716170549
0.0   -4.140959313139319
0.0   -3.196453109383583
0.0   -2.7109860610216856
0.0   -3.465137724764645
0.0   -2.357741901651025
0.0   -4.949044246226549
0.0   -3.774978439323604
0.0   -4.545784816145897
0.0   -1.2068986222147942
1.0   18.67881052196026
1.0   9.891787767410278
1.0   9.27436077594757
1.0   5.84946608543396
1.0   1.7846248149871826
1.0   7.72780042886734
1.0   0.03417927026748657
1.0   7.100298643112183
1.0   15.314014613628387
1.0   11.87085074186325
1.0   10.527725338935852
1.0   14.940201058983803
1.0   14.604089766740799
1.0   -3.1883830577135086
1.0   22.826210737228394
1.0   23.936362773180008
1.0   14.126392304897308
1.0   12.132517158985138
1.0   2.4802198708057404
1.0   31.28696522116661
1.0   28.17813315987587
1.0   31.14417926967144
1.0   29.927228927612305
1.0   10.166370689868927
1.0   20.4747297167778
1.0   32.68414181470871
1.0   15.071871757507324
1.0   8.224566578865051
1.0   24.911442428827286
1.0   29.013070106506348
1.0   14.333024024963379
1.0   35.83901259303093
1.0   28.892624124884605
1.0   12.550038576126099
1.0   24.924477994441986
1.0   21.460853934288025
1.0   -3.5965873152017593
1.0   15.683272123336792
1.0   6.1242823004722595
1.0   3.275818794965744
1.0   25.866609513759613
1.0   33.257303573191166
1.0   23.409349977970123
1.0   30.16492285579443
1.0   27.287779077887535
1.0   13.2103630900383
1.0   29.516637682914734
1.0   4.745640754699707
1.0   12.184983372688293
1.0   4.7287962436676025
1.0   2.5172169506549835
1.0   14.613974392414093
1.0   7.6929625272750854
1.0   2.3187159597873688
1.0   -5.3015312273055315
1.0   -4.7459350023418665
1.0   -5.30727253574878
1.0   5.333106942474842
1.0   11.647737234830856
1.0   -2.549303986132145
1.0   14.98191225528717
1.0   18.060930371284485
1.0   -5.11378373298794
1.0   17.729421257972717
1.0   3.6202809661626816
1.0   24.216652870178223
1.0   27.6827150285244
1.0   -3.7197789046913385
1.0   19.759145855903625
1.0   18.430280804634094
1.0   -0.9426902830600739
1.0   2.4392197132110596
AUC-ROC: 0.9062, AUC-PR: 0.9702
0.0   -3.574889762327075
0.0   -4.127663537859917
0.0   -4.275696628727019
0.0   -3.010116185992956
0.0   -2.480726309120655
0.0   -1.3504716381430626
0.0   -2.398134335875511
0.0   -3.8179815486073494
0.0   -1.1069622114300728
0.0   -0.11424753628671169
0.0   0.7009599059820175
0.0   -3.042928656563163
0.0   -0.09363859333097935
0.0   -5.117572388611734
0.0   1.2885908409953117
0.0   -3.788180833682418
0.0   -1.776212615892291
0.0   -4.901406429708004
0.0   -4.481248406693339
0.0   -4.320863269269466
0.0   -3.379776941612363
0.0   -2.803719913586974
0.0   -3.6146413926035166
0.0   -2.560574246570468
0.0   -5.0598992900922894
0.0   -3.9434861140325665
0.0   -4.68725498020649
0.0   -1.6044254628941417
1.0   10.787777453660965
1.0   4.777673244476318
1.0   6.306164503097534
1.0   2.365954041481018
1.0   4.316510438919067
1.0   5.638042449951172
1.0   -1.1062915921211243
1.0   7.022401928901672
1.0   11.409198999404907
1.0   9.184470683336258
1.0   6.313883304595947
1.0   17.4506798684597
1.0   10.532798916101456
1.0   -3.600896107032895
1.0   23.050753250718117
1.0   25.52067071199417
1.0   9.902377843856812
1.0   7.643520951271057
1.0   -0.0779250580817461
1.0   25.211986899375916
1.0   26.576893031597137
1.0   29.563361540436745
1.0   25.01877471804619
1.0   7.320095181465149
1.0   18.69717848300934
1.0   29.597152322530746
1.0   13.120756030082703
1.0   6.8154456615448
1.0   24.700897932052612
1.0   25.94516670703888
1.0   9.530169010162354
1.0   33.67129999399185
1.0   26.666417360305786
1.0   8.804553270339966
1.0   25.924066841602325
1.0   17.136006355285645
1.0   -3.90400917455554
1.0   14.65240889787674
1.0   5.117984294891357
1.0   2.807985156774521
1.0   24.275019824504852
1.0   29.572981916368008
1.0   19.967194616794586
1.0   27.177401013672352
1.0   25.564897567033768
1.0   10.732365250587463
1.0   25.895225912332535
1.0   3.193970501422882
1.0   9.913179755210876
1.0   4.002224922180176
1.0   1.5568902492523193
1.0   10.500512778759003
1.0   6.907620072364807
1.0   1.5841050744056702
1.0   -5.378066356293857
1.0   -4.838306786492467
1.0   -5.401259050704539
1.0   1.9329641833901405
1.0   9.61641776561737
1.0   -2.76639923453331
1.0   9.789607733488083
1.0   14.599397957324982
1.0   -5.198332395404577
1.0   13.217551410198212
1.0   0.8546998798847198
1.0   22.33689260482788
1.0   24.72651593759656
1.0   -3.9388845693320036
1.0   19.952093839645386
1.0   18.745771050453186
1.0   -1.0103999376296997
1.0   2.49448798596859
AUC-ROC: 0.9082, AUC-PR: 0.9714
0.0   -3.1901984084397554
0.0   -3.8134486880153418
0.0   -3.8645387054421008
0.0   -2.4809026531875134
0.0   -1.3879218026995659
0.0   -0.4921359121799469
0.0   -2.1888062357902527
0.0   -3.3519386472180486
0.0   0.5829144716262817
0.0   2.271799609065056
0.0   3.4673004522919655
0.0   -2.5561349419876933
0.0   2.711676076054573
0.0   -4.900414680596441
0.0   2.811804659664631
0.0   -3.2900772597640753
0.0   -1.4455766147002578
0.0   -4.669570898637176
0.0   -4.164079289883375
0.0   -4.02475375495851
0.0   -2.919449372217059
0.0   -2.3176993634551764
0.0   -3.3389370050281286
0.0   -2.0049979384057224
0.0   -4.847749426960945
0.0   -3.590869870968163
0.0   -4.410356333013624
0.0   -1.1880793571472168
1.0   17.8510545194149
1.0   8.81109344959259
1.0   9.619837403297424
1.0   6.4621665477752686
1.0   4.284930229187012
1.0   8.61466783285141
1.0   -0.8861658424139023
1.0   6.518695950508118
1.0   15.810621619224548
1.0   13.998261988162994
1.0   10.142481923103333
1.0   17.380869895219803
1.0   13.612969368696213
1.0   -2.9906730465590954
1.0   23.02280580252409
1.0   25.635296121239662
1.0   12.912061154842377
1.0   11.407468140125275
1.0   2.8656494170427322
1.0   31.177073806524277
1.0   23.796799674630165
1.0   26.1742592304945
1.0   20.260451018810272
1.0   6.201630711555481
1.0   16.650805592536926
1.0   26.533883690834045
1.0   12.127770841121674
1.0   6.446592807769775
1.0   22.95403614640236
1.0   22.283102482557297
1.0   6.342246353626251
1.0   30.575028747320175
1.0   23.778379425406456
1.0   8.32700264453888
1.0   25.332163751125336
1.0   14.051437795162201
1.0   -3.5816464675590396
1.0   13.547789335250854
1.0   3.8328667879104614
1.0   1.93319770693779
1.0   21.95830774307251
1.0   27.28527818992734
1.0   15.629201769828796
1.0   24.59133094549179
1.0   22.860378175973892
1.0   9.929867625236511
1.0   24.44595170021057
1.0   2.7059091329574585
1.0   7.918402433395386
1.0   3.806010603904724
1.0   1.495207518339157
1.0   9.469495475292206
1.0   6.28875058889389
1.0   1.2309796810150146
1.0   -5.204582862555981
1.0   -4.516918643377721
1.0   -5.219161353074014
1.0   2.092423489317298
1.0   8.202099919319153
1.0   -2.074414189904928
1.0   8.08842608332634
1.0   12.895696520805359
1.0   -4.984683407470584
1.0   10.407536089420319
1.0   1.0363043248653412
1.0   20.57252264022827
1.0   20.947652529925108
1.0   -3.5294351540505886
1.0   23.444219708442688
1.0   20.666942834854126
1.0   0.9963788837194443
1.0   4.885806977748871
AUC-ROC: 0.8978, AUC-PR: 0.9667
0.0   -3.388820892199874
0.0   -3.9702360266819596
0.0   -4.049246040172875
0.0   -2.7415582756511867
0.0   -1.9894328638911247
0.0   -0.6976371929049492
0.0   -2.273296299856156
0.0   -3.57410420011729
0.0   0.23461607471108437
0.0   2.0875129997730255
0.0   2.9922957569360733
0.0   -2.830087167210877
0.0   2.270014375448227
0.0   -5.0164308324456215
0.0   2.5806375071406364
0.0   -3.5232891580089927
0.0   -1.7139789247885346
0.0   -4.818450453225523
0.0   -4.3834827416576445
0.0   -4.176892859861255
0.0   -3.1330114444717765
0.0   -2.706516867503524
0.0   -3.538189913146198
0.0   -2.2164925625547767
0.0   -4.967086292337626
0.0   -3.7984117958694696
0.0   -4.57754410430789
0.0   -1.4244867414236069
1.0   18.215160608291626
1.0   9.221221446990967
1.0   9.640915274620056
1.0   5.938366055488586
1.0   3.724396228790283
1.0   8.473973989486694
1.0   -0.42529913783073425
1.0   6.451495885848999
1.0   16.43543368577957
1.0   13.946061789989471
1.0   10.129200875759125
1.0   17.73187582194805
1.0   14.668558657169342
1.0   -3.193431517109275
1.0   23.53911381214857
1.0   26.666093215346336
1.0   13.912703573703766
1.0   11.837096452713013
1.0   2.48609559237957
1.0   30.667668879032135
1.0   24.995707526803017
1.0   30.129269152879715
1.0   28.411189436912537
1.0   10.15385913848877
1.0   20.48217010498047
1.0   29.805961191654205
1.0   12.209600329399109
1.0   8.404606819152832
1.0   25.893387615680695
1.0   26.454931914806366
1.0   13.054521083831787
1.0   35.28646659851074
1.0   26.745405703783035
1.0   11.534944534301758
1.0   26.54313153028488
1.0   20.029082119464874
1.0   -3.529066987335682
1.0   16.073364078998566
1.0   4.075813114643097
1.0   3.0266823172569275
1.0   22.520018875598907
1.0   30.837569884955883
1.0   23.070938050746918
1.0   27.278507485985756
1.0   24.032533451914787
1.0   13.14825987815857
1.0   27.378333389759064
1.0   2.996523916721344
1.0   12.075271606445312
1.0   4.858809113502502
1.0   1.8729851841926575
1.0   12.47557246685028
1.0   7.709189593791962
1.0   2.6427040696144104
1.0   -5.309448728803545
1.0   -4.648326355963945
1.0   -5.3162471991963685
1.0   5.152897797524929
1.0   8.947009146213531
1.0   -2.670718487352133
1.0   14.353965848684311
1.0   15.84338390827179
1.0   -5.131509020458907
1.0   16.57064774632454
1.0   3.0856190100312233
1.0   23.84947496652603
1.0   27.037286542356014
1.0   -3.737621716223657
1.0   17.36614879965782
1.0   18.241453766822815
1.0   -0.9301067665219307
1.0   2.176434140652418
AUC-ROC: 0.9048, AUC-PR: 0.9697
