0.0   6.024135157465935
0.0   6.119999706745148
0.0   5.53934733197093
0.0   6.366453967988491
0.0   6.336769312620163
0.0   6.116371862590313
0.0   6.163866549730301
0.0   6.559112228453159
0.0   6.136990010738373
0.0   5.93098983541131
0.0   6.3628154546022415
0.0   5.728975124657154
0.0   5.839899834245443
0.0   6.168272478505969
0.0   6.021635988727212
0.0   6.114336850121617
0.0   6.041612893342972
0.0   5.62045681476593
0.0   6.02574897557497
0.0   6.088746063411236
0.0   5.882239155471325
0.0   5.890636309981346
0.0   6.035190738737583
0.0   5.8101497143507
0.0   6.26337006688118
0.0   6.23832231014967
0.0   6.1860077008605
0.0   5.575461313128471
1.0   6.312622733414173
1.0   9.057118393480778
1.0   6.693941958248615
1.0   6.407626315951347
1.0   7.783802233636379
1.0   6.9172341004014015
1.0   6.040902003645897
1.0   7.335266977548599
1.0   9.52429747581482
1.0   6.402082026004791
1.0   6.235738828778267
1.0   8.78351191431284
1.0   6.180383965373039
1.0   6.083825998008251
1.0   7.37117812782526
1.0   6.96538707613945
1.0   6.434747874736786
1.0   6.361350378021598
1.0   6.4643209632486105
1.0   41.91303561627865
1.0   39.57209125161171
1.0   58.70677810907364
1.0   55.385756462812424
1.0   13.726288571953773
1.0   14.594360113143921
1.0   41.02961875498295
1.0   26.58325496315956
1.0   7.176900759339333
1.0   41.232802003622055
1.0   32.992398492991924
1.0   29.823166251182556
1.0   67.83684518933296
1.0   43.46030521392822
1.0   12.586820252239704
1.0   55.75032593309879
1.0   17.240535512566566
1.0   7.517474077641964
1.0   7.997689209878445
1.0   12.346355706453323
1.0   14.420091580599546
1.0   28.437655240297318
1.0   21.2995390817523
1.0   39.308724105358124
1.0   31.76578487455845
1.0   34.52399080991745
1.0   31.51600842177868
1.0   14.494250863790512
1.0   16.609841771423817
1.0   11.101342044770718
1.0   11.15119218453765
1.0   8.156672686338425
1.0   8.951148107647896
1.0   14.81917916983366
1.0   7.616541005671024
1.0   6.712617367506027
1.0   7.82736150175333
1.0   6.4786238968372345
1.0   9.27304732054472
1.0   10.703143626451492
1.0   8.457589328289032
1.0   9.491547480225563
1.0   12.711576662957668
1.0   6.7863054648041725
1.0   7.075599685311317
1.0   6.79527691937983
1.0   18.901992425322533
1.0   16.431481346488
1.0   7.366673059761524
1.0   5.36558011174202
1.0   5.483474105596542
1.0   6.9590849801898
1.0   5.293677344918251
AUC-ROC: 0.9315, AUC-PR: 0.9783
0.0   5.831968814134598
0.0   6.40373994410038
0.0   5.649850159883499
0.0   6.8797436356544495
0.0   6.518039852380753
0.0   6.409218460321426
0.0   6.104958921670914
0.0   6.946911424398422
0.0   6.7187749445438385
0.0   6.523794740438461
0.0   6.62094458937645
0.0   5.71606869995594
0.0   6.254349559545517
0.0   6.540239036083221
0.0   7.908227726817131
0.0   7.011486440896988
0.0   6.417518824338913
0.0   6.009286642074585
0.0   6.622643902897835
0.0   6.363123953342438
0.0   5.971285343170166
0.0   5.983225733041763
0.0   6.028149574995041
0.0   5.909040555357933
0.0   6.986225888133049
0.0   6.953613638877869
0.0   6.201304033398628
0.0   5.988275274634361
1.0   9.27204354852438
1.0   19.11550109088421
1.0   7.017836272716522
1.0   9.269161105155945
1.0   12.897988945245743
1.0   7.8200086653232574
1.0   9.816051170229912
1.0   10.027885928750038
1.0   13.95428067445755
1.0   8.492210410535336
1.0   7.515363961458206
1.0   9.380506932735443
1.0   7.703100562095642
1.0   6.235357761383057
1.0   10.612665608525276
1.0   8.007916733622551
1.0   7.846822500228882
1.0   7.011211842298508
1.0   6.840080797672272
1.0   41.85166573524475
1.0   41.851632460951805
1.0   46.27102345228195
1.0   47.798932284116745
1.0   16.405590370297432
1.0   23.578925043344498
1.0   39.753536492586136
1.0   28.064644873142242
1.0   7.517018437385559
1.0   37.280185766518116
1.0   33.52221955358982
1.0   26.446551233530045
1.0   53.03626523166895
1.0   44.90616136789322
1.0   18.75011920928955
1.0   43.4503383487463
1.0   24.035067163407803
1.0   7.6811832934618
1.0   8.708963081240654
1.0   18.871529653668404
1.0   12.765028968453407
1.0   25.116322115063667
1.0   27.272782623767853
1.0   39.52143795788288
1.0   35.624118596315384
1.0   40.629065826535225
1.0   30.77339941263199
1.0   14.207464136183262
1.0   20.468418836593628
1.0   14.854286640882492
1.0   13.42204363644123
1.0   9.763265736401081
1.0   12.010651126503944
1.0   18.98698401451111
1.0   6.444141209125519
1.0   5.336110949516296
1.0   6.455370634794235
1.0   5.069570600986481
1.0   8.639853179454803
1.0   10.630834996700287
1.0   6.531852334737778
1.0   9.025793835520744
1.0   12.321418136358261
1.0   5.762452885508537
1.0   6.21120972931385
1.0   5.881534993648529
1.0   26.970311790704727
1.0   26.440931618213654
1.0   7.358199119567871
1.0   8.170777693390846
1.0   6.868186995387077
1.0   7.998205855488777
1.0   7.306562811136246
AUC-ROC: 0.9018, AUC-PR: 0.9679
0.0   10.952783584594727
0.0   20.724085748195648
0.0   23.235064148902893
0.0   33.38986682891846
0.0   20.83495131134987
0.0   28.344823956489563
0.0   22.315695345401764
0.0   27.62831562757492
0.0   21.90216988325119
0.0   26.163158655166626
0.0   22.160913407802582
0.0   19.626528471708298
0.0   22.108885258436203
0.0   22.66188770532608
0.0   30.254474878311157
0.0   20.30122995376587
0.0   16.535898447036743
0.0   17.30060663819313
0.0   26.184286177158356
0.0   15.413128316402435
0.0   21.654427766799927
0.0   23.114833772182465
0.0   9.287446171045303
0.0   19.211328089237213
0.0   22.823868721723557
0.0   14.640661418437958
0.0   17.358682602643967
0.0   21.2335906624794
1.0   28.910822987556458
1.0   32.08764469623566
1.0   23.43071746826172
1.0   25.771485209465027
1.0   33.71078312397003
1.0   25.88967776298523
1.0   35.24796372652054
1.0   34.347800463438034
1.0   25.39782339334488
1.0   29.066080927848816
1.0   24.24560898542404
1.0   20.160808593034744
1.0   23.40778750181198
1.0   21.550451576709747
1.0   41.170332461595535
1.0   27.376269578933716
1.0   30.46755313873291
1.0   34.57999241352081
1.0   28.91819190979004
1.0   45.48279047012329
1.0   50.457132399082184
1.0   44.97218616306782
1.0   47.46267080307007
1.0   31.051795303821564
1.0   32.310159504413605
1.0   44.61819425225258
1.0   43.30185282230377
1.0   26.852784037590027
1.0   46.96381503343582
1.0   51.07774060964584
1.0   36.211694836616516
1.0   46.68545883893967
1.0   50.97668941318989
1.0   31.910136222839355
1.0   35.148527920246124
1.0   36.03164601325989
1.0   24.125563263893127
1.0   29.828913003206253
1.0   39.45712637901306
1.0   29.007998943328857
1.0   37.414082765579224
1.0   38.17407786846161
1.0   45.32510036230087
1.0   45.52446034550667
1.0   42.79731470346451
1.0   40.15659028291702
1.0   24.408875286579132
1.0   37.993699073791504
1.0   35.46716356277466
1.0   24.94714093208313
1.0   26.462231546640396
1.0   25.0362628698349
1.0   26.6922425031662
1.0   5.780726879835129
1.0   0.9508625566959381
1.0   4.026439875364304
1.0   1.637096181511879
1.0   19.179075717926025
1.0   20.557408809661865
1.0   4.724605053663254
1.0   14.412415087223053
1.0   15.70315819978714
1.0   2.6398600190877914
1.0   19.48501032590866
1.0   12.422788977622986
1.0   38.51949080824852
1.0   35.6982835829258
1.0   19.21023327112198
1.0   14.634684175252914
1.0   17.161814123392105
1.0   16.004912316799164
1.0   17.054534137248993
AUC-ROC: 0.7297, AUC-PR: 0.9020
0.0   -0.5781074315309525
0.0   0.9222632236778736
0.0   2.602306544780731
0.0   7.487208470702171
0.0   1.3057579323649406
0.0   6.5965036898851395
0.0   7.501965820789337
0.0   2.178655505180359
0.0   6.509383380413055
0.0   5.979039251804352
0.0   3.343277409672737
0.0   4.867401346564293
0.0   3.54129546135664
0.0   0.8888850249350071
0.0   13.3388611972332
0.0   6.380374759435654
0.0   0.4578828737139702
0.0   0.5737102515995502
0.0   6.610212564468384
0.0   5.077454641461372
0.0   3.7669139951467514
0.0   2.0000656247138977
0.0   0.4516221210360527
0.0   1.831193771213293
0.0   0.8381953574717045
0.0   0.24977172911167145
0.0   -0.602116871625185
0.0   4.0718163177371025
1.0   27.871239960193634
1.0   21.27047038078308
1.0   12.16602224111557
1.0   17.95745414495468
1.0   24.45647919178009
1.0   15.822145104408264
1.0   14.095477521419525
1.0   24.018143117427826
1.0   22.50880002975464
1.0   22.193152606487274
1.0   23.072872042655945
1.0   4.928155288100243
1.0   4.380333870649338
1.0   4.9906089305877686
1.0   20.67754989862442
1.0   17.672880232334137
1.0   13.234429910779
1.0   10.940390095114708
1.0   3.578884035348892
1.0   33.10892963409424
1.0   31.56529200077057
1.0   30.047048330307007
1.0   29.50960087776184
1.0   22.15964663028717
1.0   24.992118418216705
1.0   28.13276258111
1.0   30.93881928920746
1.0   12.263622045516968
1.0   33.16788646578789
1.0   27.823524445295334
1.0   21.429467022418976
1.0   31.896397173404694
1.0   30.599685221910477
1.0   16.523358404636383
1.0   21.25873363018036
1.0   24.908879458904266
1.0   18.591847896575928
1.0   15.742430686950684
1.0   20.356359481811523
1.0   23.9268257021904
1.0   20.163924276828766
1.0   30.127395391464233
1.0   33.524114549160004
1.0   32.39101845026016
1.0   33.23343849182129
1.0   29.698078215122223
1.0   22.588268399238586
1.0   26.782657980918884
1.0   15.73980325460434
1.0   19.02747070789337
1.0   21.510061740875244
1.0   20.979494214057922
1.0   17.12992411851883
1.0   -0.3984854370355606
1.0   -1.464095450937748
1.0   -0.9795496463775635
1.0   -1.4073531068861485
1.0   7.339481830596924
1.0   12.258865535259247
1.0   0.44993898645043373
1.0   6.048787713050842
1.0   11.118152439594269
1.0   -1.4267905466258526
1.0   20.171246767044067
1.0   2.2374367713928223
1.0   27.974144399166107
1.0   13.46498441696167
1.0   6.734844505786896
1.0   4.597701579332352
1.0   12.245623707771301
1.0   3.8536481857299805
1.0   1.4646261297166348
AUC-ROC: 0.8626, AUC-PR: 0.9545
0.0   17.372867733240128
0.0   17.337283611297607
0.0   21.933506190776825
0.0   19.278379499912262
0.0   23.894721388816833
0.0   19.16141763329506
0.0   21.80600893497467
0.0   18.418910145759583
0.0   16.950463145971298
0.0   19.00877010822296
0.0   14.929096788167953
0.0   18.059712767601013
0.0   15.48355221748352
0.0   13.15885415673256
0.0   14.941544890403748
0.0   17.647926777601242
0.0   18.617974251508713
0.0   18.189212888479233
0.0   18.909804105758667
0.0   19.229362815618515
0.0   22.06812936067581
0.0   21.74477556347847
0.0   14.24030739068985
0.0   18.803448855876923
0.0   17.774468928575516
0.0   16.613002359867096
0.0   18.932969003915787
0.0   16.000371500849724
1.0   23.414145410060883
1.0   17.547038912773132
1.0   19.027203679084778
1.0   25.448025047779083
1.0   28.932120084762573
1.0   28.89622473716736
1.0   16.31986716389656
1.0   21.65114939212799
1.0   22.046744167804718
1.0   23.552484273910522
1.0   24.806255102157593
1.0   16.14091944694519
1.0   12.535440534353256
1.0   19.730611592531204
1.0   23.881257712841034
1.0   24.04843109846115
1.0   17.688007712364197
1.0   19.95711249113083
1.0   20.830127894878387
1.0   23.433902978897095
1.0   22.9494446516037
1.0   19.019833207130432
1.0   12.4744473695755
1.0   16.566153645515442
1.0   16.94169580936432
1.0   18.16693675518036
1.0   21.582199335098267
1.0   17.227661311626434
1.0   19.222269415855408
1.0   18.466561317443848
1.0   13.412076830863953
1.0   24.31027662754059
1.0   20.338581800460815
1.0   13.665870785713196
1.0   13.70648980140686
1.0   15.192749381065369
1.0   13.874305784702301
1.0   19.14604812860489
1.0   18.471298813819885
1.0   27.211249470710754
1.0   23.677857160568237
1.0   22.9790256023407
1.0   17.07560634613037
1.0   25.16827291250229
1.0   26.484644293785095
1.0   23.0828355550766
1.0   23.020614981651306
1.0   15.124925017356873
1.0   17.605411529541016
1.0   17.552619457244873
1.0   19.80372166633606
1.0   16.509741723537445
1.0   16.526323318481445
1.0   3.418763406574726
1.0   -1.959907852113247
1.0   7.500805228948593
1.0   6.232389479875565
1.0   7.461002349853516
1.0   14.681556940078735
1.0   0.5423572435975075
1.0   6.652065575122833
1.0   11.095215916633606
1.0   -3.1373114064335823
1.0   16.547450482845306
1.0   8.979001596570015
1.0   13.429304122924805
1.0   11.219311952590942
1.0   16.075402289628983
1.0   17.080402135849
1.0   17.215494751930237
1.0   17.99488353729248
1.0   14.763530105352402
AUC-ROC: 0.4747, AUC-PR: 0.7776
0.0   13.402472019195557
0.0   12.999505877494812
0.0   13.577700674533844
0.0   16.644631385803223
0.0   15.005068242549896
0.0   19.697855710983276
0.0   16.4637331366539
0.0   13.779036462306976
0.0   18.824322521686554
0.0   16.651446402072906
0.0   11.278660297393799
0.0   15.985375344753265
0.0   13.294394254684448
0.0   14.737511307001114
0.0   16.44263982772827
0.0   18.43479824066162
0.0   16.16859608888626
0.0   13.883389949798584
0.0   14.235565960407257
0.0   14.03983187675476
0.0   14.443758487701416
0.0   14.072409272193909
0.0   10.21733272075653
0.0   9.58069235086441
0.0   12.119875311851501
0.0   12.401548504829407
0.0   6.640403062105179
0.0   17.481534242630005
1.0   31.135539531707764
1.0   20.84713089466095
1.0   15.577030062675476
1.0   22.61679697036743
1.0   24.278011679649353
1.0   26.69192123413086
1.0   18.430622816085815
1.0   19.71339750289917
1.0   23.929696559906006
1.0   21.54710602760315
1.0   29.764362335205078
1.0   13.743582904338837
1.0   18.48181462287903
1.0   15.466844260692596
1.0   22.84242057800293
1.0   28.572914123535156
1.0   18.343520522117615
1.0   17.537588119506836
1.0   17.29623705148697
1.0   26.188230633735657
1.0   30.2722030878067
1.0   24.075876593589783
1.0   18.724490523338318
1.0   18.44072127342224
1.0   22.842957496643066
1.0   24.804643988609314
1.0   26.728076696395874
1.0   12.309948444366455
1.0   25.522724390029907
1.0   23.091348528862
1.0   17.623087286949158
1.0   27.290356159210205
1.0   27.59386944770813
1.0   21.116375207901
1.0   16.455837726593018
1.0   22.712933659553528
1.0   17.23290503025055
1.0   17.292826294898987
1.0   18.03853416442871
1.0   21.253285467624664
1.0   20.220803022384644
1.0   25.562402367591858
1.0   23.792100429534912
1.0   26.861372351646423
1.0   28.498573064804077
1.0   22.65659272670746
1.0   25.115805745124817
1.0   18.896161556243896
1.0   17.566696166992188
1.0   14.48634684085846
1.0   22.764700174331665
1.0   17.534787833690643
1.0   21.501566410064697
1.0   17.05956530570984
1.0   16.229412347078323
1.0   7.7190923392772675
1.0   13.523550540208817
1.0   18.46887242794037
1.0   16.205674529075623
1.0   15.913639694452286
1.0   15.440379798412323
1.0   16.619109392166138
1.0   18.94652470946312
1.0   16.996915698051453
1.0   20.876543879508972
1.0   18.65976071357727
1.0   14.953769207000732
1.0   10.528394669294357
1.0   17.96257197856903
1.0   15.438260912895203
1.0   9.287829875946045
1.0   10.608237862586975
AUC-ROC: 0.8403, AUC-PR: 0.9392
0.0   2.361789494752884
0.0   9.585791826248169
0.0   5.5761635303497314
0.0   17.315838932991028
0.0   5.698200851678848
0.0   15.617211997509003
0.0   12.031886160373688
0.0   2.627212107181549
0.0   12.862720847129822
0.0   10.923018991947174
0.0   6.791609942913055
0.0   3.884156674146652
0.0   8.361707955598831
0.0   -0.2732900232076645
0.0   12.929790377616882
0.0   8.975816801190376
0.0   3.097349911928177
0.0   5.83966438472271
0.0   9.349313974380493
0.0   3.274585008621216
0.0   8.369084060192108
0.0   13.558712244033813
0.0   2.715254068374634
0.0   1.7240318953990936
0.0   9.526439726352692
0.0   7.024563133716583
0.0   -1.0007630698382854
0.0   11.415365546941757
1.0   32.54729321599007
1.0   15.722178220748901
1.0   13.660348892211914
1.0   18.721910297870636
1.0   20.985196709632874
1.0   23.89050030708313
1.0   13.379659116268158
1.0   17.02080810070038
1.0   27.275031074881554
1.0   20.836270570755005
1.0   21.904762625694275
1.0   10.818580150604248
1.0   14.70892071723938
1.0   10.992931693792343
1.0   23.853455305099487
1.0   26.40119767189026
1.0   17.25562036037445
1.0   17.016892313957214
1.0   14.556798219680786
1.0   25.67031466960907
1.0   27.173325896263123
1.0   21.49167037010193
1.0   19.52324903011322
1.0   13.52187204360962
1.0   21.820082545280457
1.0   25.195587038993835
1.0   21.093775629997253
1.0   9.988047778606415
1.0   27.912806510925293
1.0   18.098711013793945
1.0   16.635302543640137
1.0   25.63455843925476
1.0   24.151623606681824
1.0   16.89759123325348
1.0   14.569780111312866
1.0   18.848111152648926
1.0   15.785531878471375
1.0   12.693889856338501
1.0   11.735559225082397
1.0   21.310587525367737
1.0   12.84658932685852
1.0   25.66022503376007
1.0   25.458133339881897
1.0   26.483745515346527
1.0   28.51929545402527
1.0   18.28601098060608
1.0   21.122942209243774
1.0   19.483771324157715
1.0   12.479906797409058
1.0   11.214917421340942
1.0   17.61275887489319
1.0   13.335086405277252
1.0   17.336103677749634
1.0   2.351204067468643
1.0   7.198186323046684
1.0   -4.423177927732468
1.0   -3.2594178691506386
1.0   8.58858585357666
1.0   10.652168452739716
1.0   7.798266649246216
1.0   10.319052457809448
1.0   5.852404981851578
1.0   -0.5177724771201611
1.0   16.81209307909012
1.0   10.67179325222969
1.0   17.829842567443848
1.0   11.52614140510559
1.0   6.076685845851898
1.0   21.937768638134003
1.0   15.471207737922668
1.0   9.957862854003906
1.0   9.577677845954895
AUC-ROC: 0.8487, AUC-PR: 0.9426
0.0   -1.4956567510962486
0.0   0.8433906584978104
0.0   -1.6164679639041424
0.0   14.893334865570068
0.0   -1.4012045003473759
0.0   5.033816963434219
0.0   0.8451785892248154
0.0   -3.439537897706032
0.0   -0.23772183060646057
0.0   3.240148663520813
0.0   2.2505283504724503
0.0   -2.4799448885023594
0.0   -0.24937191605567932
0.0   -3.4032909609377384
0.0   9.274349182844162
0.0   -3.8455082699656487
0.0   -2.554166194051504
0.0   -1.1372766606509686
0.0   2.262794107198715
0.0   -0.5692210979759693
0.0   -0.662236824631691
0.0   4.892791301012039
0.0   -4.130798172205687
0.0   -1.3155344724655151
0.0   -0.5465831644833088
0.0   -0.01057608425617218
0.0   -3.471296139061451
0.0   0.4453701786696911
1.0   22.43507817387581
1.0   17.46969771385193
1.0   6.119929373264313
1.0   7.347582280635834
1.0   12.135393619537354
1.0   13.446181774139404
1.0   2.0574830174446106
1.0   10.18488997220993
1.0   15.269942045211792
1.0   21.17291283607483
1.0   10.22463595867157
1.0   12.52990460395813
1.0   11.171729683876038
1.0   0.575536323711276
1.0   21.439040899276733
1.0   23.58659279346466
1.0   17.730089962482452
1.0   1.5694722793996334
1.0   -0.6377435624599457
1.0   28.766215324401855
1.0   28.08755135536194
1.0   23.380670070648193
1.0   25.477872371673584
1.0   12.074316620826721
1.0   22.314891576766968
1.0   32.46505928039551
1.0   18.839951992034912
1.0   7.552903950214386
1.0   40.25474655628204
1.0   27.02252435684204
1.0   20.857012510299683
1.0   27.80306565761566
1.0   28.5528701543808
1.0   14.534990072250366
1.0   23.07088804244995
1.0   20.995136737823486
1.0   16.88409036397934
1.0   11.201816737651825
1.0   9.060693800449371
1.0   16.333028316497803
1.0   2.342719793319702
1.0   26.963144063949585
1.0   33.274463295936584
1.0   35.331763565540314
1.0   33.13175570964813
1.0   17.29852259159088
1.0   17.8103985786438
1.0   22.086025953292847
1.0   8.751476645469666
1.0   1.8492815494537354
1.0   18.460402011871338
1.0   11.792943000793457
1.0   13.407806754112244
1.0   -4.6633031368255615
1.0   -5.298219883814454
1.0   -5.290742538869381
1.0   -5.307263411581516
1.0   -4.706352710723877
1.0   13.630005359649658
1.0   -3.9547001123428345
1.0   -0.49029309302568436
1.0   -3.6396901719272137
1.0   -5.204882424324751
1.0   21.415051579475403
1.0   -0.6393195204436779
1.0   25.05204939842224
1.0   16.16925048828125
1.0   0.414900541305542
1.0   12.725533545017242
1.0   21.199979305267334
1.0   5.230318903923035
1.0   0.27775517106056213
AUC-ROC: 0.8294, AUC-PR: 0.9415
0.0   -5.309319735504687
0.0   -5.500803095288575
0.0   -5.368490976281464
0.0   2.5879447162151337
0.0   -5.280736177228391
0.0   -3.6210447046905756
0.0   -4.448216486722231
0.0   -5.295323554426432
0.0   3.4235876351594925
0.0   -4.041104854084551
0.0   -4.0951324217021465
0.0   -5.4269223203882575
0.0   -3.379034712910652
0.0   -5.494235250167549
0.0   3.7675336599349976
0.0   -4.095062440261245
0.0   -5.438307097181678
0.0   -5.186773116700351
0.0   -4.963734479621053
0.0   -5.156051592901349
0.0   -5.486725726164877
0.0   -4.430958268232644
0.0   -5.281319892965257
0.0   -5.383465621620417
0.0   -5.50742435734719
0.0   -4.841350798495114
0.0   -5.548324810341001
0.0   -4.700366526842117
1.0   22.245413571596146
1.0   14.184413194656372
1.0   1.179958701133728
1.0   2.010276138782501
1.0   6.348668217658997
1.0   7.156721234321594
1.0   -1.9454696625471115
1.0   6.88552325963974
1.0   17.79954159259796
1.0   17.70908361673355
1.0   3.279379427433014
1.0   8.624835759401321
1.0   4.909432142972946
1.0   -4.86554251331836
1.0   16.047110617160797
1.0   15.310716271400452
1.0   16.482658565044403
1.0   0.009042784571647644
1.0   -2.6320311799645424
1.0   20.88996112346649
1.0   15.091866970062256
1.0   12.484052181243896
1.0   15.605002522468567
1.0   2.29571270942688
1.0   12.045235276222229
1.0   20.453500628471375
1.0   3.2991169095039368
1.0   -3.4525296576321125
1.0   28.846632659435272
1.0   12.125774264335632
1.0   13.323143005371094
1.0   22.402653694152832
1.0   13.521032929420471
1.0   -3.0436750762164593
1.0   11.836061000823975
1.0   4.4722630977630615
1.0   5.730054140090942
1.0   3.993050754070282
1.0   -0.8597257733345032
1.0   13.600384771823883
1.0   -4.818006619811058
1.0   8.130606293678284
1.0   15.922937750816345
1.0   19.58492213487625
1.0   21.479228138923645
1.0   4.562052130699158
1.0   6.0297181606292725
1.0   9.245762944221497
1.0   -3.557127133011818
1.0   -0.9294879585504532
1.0   4.053263306617737
1.0   -1.243776485323906
1.0   4.822454571723938
1.0   -5.12231726013124
1.0   -4.496894892305136
1.0   -5.398301895707846
1.0   -5.6777857560664415
1.0   0.037862882018089294
1.0   5.743440210819244
1.0   -1.3896569609642029
1.0   -0.5731658469885588
1.0   1.1066182255744934
1.0   -3.206463661044836
1.0   12.102158427238464
1.0   2.4020020365715027
1.0   9.222721338272095
1.0   7.716395020484924
1.0   -4.6407910995185375
1.0   5.506819486618042
1.0   12.584347546100616
1.0   -3.541693262755871
1.0   -4.64523746073246
AUC-ROC: 0.9112, AUC-PR: 0.9657
0.0   -4.794509693980217
0.0   -4.721810549497604
0.0   -4.740852005779743
0.0   -0.8640934824943542
0.0   -4.468836642801762
0.0   -2.7623206172138453
0.0   -3.8646447584033012
0.0   -4.726571347564459
0.0   3.5313457548618317
0.0   -3.7138768397271633
0.0   -3.3584278598427773
0.0   -4.853965548798442
0.0   -3.746378429234028
0.0   -4.853775545954704
0.0   7.6094540655612946
0.0   -3.3390162819996476
0.0   -4.775718253105879
0.0   -4.565820068120956
0.0   -4.36502181738615
0.0   -4.3267920427024364
0.0   -5.052132718265057
0.0   -4.387207102030516
0.0   -4.536505103111267
0.0   -4.915124894119799
0.0   -4.883173447102308
0.0   -4.712809797376394
0.0   -4.881288520991802
0.0   -4.582084549590945
1.0   20.61773742735386
1.0   16.104647397994995
1.0   -2.714618533849716
1.0   2.2261252403259277
1.0   2.7549503445625305
1.0   4.426150411367416
1.0   -3.933521658182144
1.0   4.377765417098999
1.0   17.69743910431862
1.0   18.655554175376892
1.0   4.218066573143005
1.0   4.7693372666835785
1.0   6.928047448396683
1.0   -3.6349018942564726
1.0   20.862743020057678
1.0   18.99431037902832
1.0   19.841601729393005
1.0   -0.14705801010131836
1.0   -0.4787924513220787
1.0   20.33397150039673
1.0   18.34606623649597
1.0   14.967741250991821
1.0   17.555819630622864
1.0   5.8396055698394775
1.0   14.163569927215576
1.0   21.455206274986267
1.0   6.37424373626709
1.0   -2.019557237625122
1.0   26.865039587020874
1.0   13.175117015838623
1.0   16.67805278301239
1.0   25.49139779806137
1.0   13.779566884040833
1.0   -2.1688743829727173
1.0   10.01327896118164
1.0   7.229775667190552
1.0   5.80806040763855
1.0   2.5969784259796143
1.0   -0.4824828505516052
1.0   15.739985704421997
1.0   -4.393272444605827
1.0   9.208495378494263
1.0   17.166650533676147
1.0   19.868122041225433
1.0   27.823041081428528
1.0   8.974932789802551
1.0   10.727904200553894
1.0   8.547171115875244
1.0   -1.8065072149038315
1.0   0.6405038237571716
1.0   5.9782185554504395
1.0   2.569448411464691
1.0   8.49178171157837
1.0   -4.886504519730806
1.0   -5.196282859891653
1.0   -4.8307675532996655
1.0   -5.207116149365902
1.0   -0.4861603230237961
1.0   9.217024594545364
1.0   -2.512393891811371
1.0   -1.7113143652677536
1.0   4.13032341003418
1.0   -4.920459736138582
1.0   13.394090354442596
1.0   4.280958026647568
1.0   12.218684911727905
1.0   11.195426106452942
1.0   -4.1098728477954865
1.0   9.189189732074738
1.0   11.57517272233963
1.0   -1.6198879927396774
1.0   -3.39907705783844
AUC-ROC: 0.8889, AUC-PR: 0.9598
0.0   -5.232637881301343
0.0   -5.187631021253765
0.0   -5.128993949852884
0.0   -3.3167109563946724
0.0   -4.9323725160211325
0.0   -4.484107286669314
0.0   -4.4898844277486205
0.0   -5.158535327762365
0.0   -3.011978903785348
0.0   -4.64208946377039
0.0   -4.0354818142950535
0.0   -5.2650569044053555
0.0   -4.449658763129264
0.0   -5.28595956414938
0.0   3.0462892651557922
0.0   -4.613108208402991
0.0   -5.242307382635772
0.0   -5.084838871844113
0.0   -4.9309683702886105
0.0   -4.871710552833974
0.0   -5.329954474233091
0.0   -5.004154895432293
0.0   -5.080432752147317
0.0   -5.199590713717043
0.0   -5.264009149745107
0.0   -5.121969306841493
0.0   -5.242705441080034
0.0   -5.05246617924422
1.0   24.210562378168106
1.0   19.707950711250305
1.0   -3.384533256292343
1.0   0.8127981126308441
1.0   4.878459453582764
1.0   2.18572336435318
1.0   -4.353323687799275
1.0   7.63571310043335
1.0   19.837058648467064
1.0   19.813570141792297
1.0   5.77569967508316
1.0   3.372338891029358
1.0   7.287237495183945
1.0   -4.291603181511164
1.0   24.94630217552185
1.0   18.051629722118378
1.0   17.1854350566864
1.0   -3.2795663764700294
1.0   -3.5874894708395004
1.0   22.890483260154724
1.0   24.737427830696106
1.0   21.61557412147522
1.0   24.170137643814087
1.0   6.256038784980774
1.0   16.242541790008545
1.0   28.62145233154297
1.0   8.8733412027359
1.0   -3.1236006170511246
1.0   37.04276877641678
1.0   16.51090782880783
1.0   20.92698621749878
1.0   33.45050531625748
1.0   19.615849375724792
1.0   -2.6842777729034424
1.0   16.291188955307007
1.0   9.388585925102234
1.0   3.4604514241218567
1.0   2.516625165939331
1.0   -0.6443291306495667
1.0   17.07528990507126
1.0   -4.838516125455499
1.0   12.24574863910675
1.0   22.420033931732178
1.0   27.690325558185577
1.0   35.26545053720474
1.0   8.10826849937439
1.0   11.580436706542969
1.0   7.3840155601501465
1.0   -2.635484829545021
1.0   -0.5983993411064148
1.0   6.199200987815857
1.0   2.6393057703971863
1.0   8.294705986976624
1.0   -5.239038979634643
1.0   -5.440968072041869
1.0   -5.169942881911993
1.0   -5.451868191361427
1.0   -3.111382335424423
1.0   10.369342654943466
1.0   -3.7574307350441813
1.0   -3.133224628865719
1.0   0.4427013397216797
1.0   -5.407431031577289
1.0   14.446272790431976
1.0   2.0390845835208893
1.0   13.980836033821106
1.0   14.719688057899475
1.0   -4.951111877802759
1.0   11.145979791879654
1.0   13.213525921106339
1.0   -0.8228448927402496
1.0   -4.047361958771944
AUC-ROC: 0.9077, AUC-PR: 0.9688
0.0   -4.919184392783791
0.0   -4.829774505458772
0.0   -4.942086203023791
0.0   1.4257797002792358
0.0   -4.64522130228579
0.0   -3.477442151401192
0.0   -3.8000833932310343
0.0   -4.97896224539727
0.0   -0.47437115758657455
0.0   -3.9639968615956604
0.0   -2.5351011604070663
0.0   -4.9255309803411365
0.0   -4.265846269205213
0.0   -5.120521516539156
0.0   7.297250181436539
0.0   -4.215579879935831
0.0   -4.876099720597267
0.0   -4.51514807716012
0.0   -4.220662629231811
0.0   -4.172145361080766
0.0   -5.150374030228704
0.0   -4.39737693592906
0.0   -4.56690955767408
0.0   -4.941255171317607
0.0   -4.963603402022272
0.0   -4.790127568878233
0.0   -5.0270314565859735
0.0   -4.587945685721934
1.0   26.498324401676655
1.0   23.274510860443115
1.0   -1.5101841390132904
1.0   5.536434173583984
1.0   7.722639799118042
1.0   7.798397541046143
1.0   -3.2369283959269524
1.0   10.085131764411926
1.0   22.64821246266365
1.0   23.292897939682007
1.0   9.355809807777405
1.0   6.197158604860306
1.0   9.01049055159092
1.0   -3.8707574559375644
1.0   23.69844925403595
1.0   20.8547642827034
1.0   19.880970120429993
1.0   -0.34459713101387024
1.0   -2.983437955379486
1.0   27.603278398513794
1.0   21.35073709487915
1.0   18.4440199136734
1.0   20.648049473762512
1.0   5.52646541595459
1.0   17.77350378036499
1.0   23.013799846172333
1.0   7.6543378829956055
1.0   -1.8310198187828064
1.0   31.822217389941216
1.0   11.938195824623108
1.0   19.486122012138367
1.0   31.137201070785522
1.0   17.14598912000656
1.0   -1.935703068971634
1.0   15.0805025100708
1.0   6.897776246070862
1.0   3.7950615286827087
1.0   2.6391212344169617
1.0   0.8009457886219025
1.0   13.168331295251846
1.0   -4.642966330051422
1.0   12.06978690624237
1.0   18.471339344978333
1.0   18.721781969070435
1.0   32.66037678718567
1.0   6.729968845844269
1.0   10.060443758964539
1.0   8.854122877120972
1.0   -1.4716548174619675
1.0   0.08863317966461182
1.0   5.47622948884964
1.0   2.893877625465393
1.0   9.021878123283386
1.0   -5.005635522305965
1.0   -5.2757953479886055
1.0   -4.975033354014158
1.0   -5.2928305603563786
1.0   -2.8941576164215803
1.0   6.4893879890441895
1.0   -3.362665858119726
1.0   -1.27926804125309
1.0   -0.9095978438854218
1.0   -5.239748258143663
1.0   10.717083096504211
1.0   0.6426730751991272
1.0   13.89542543888092
1.0   10.670190274715424
1.0   -4.102210842072964
1.0   14.467331603169441
1.0   12.654961258172989
1.0   0.18637001514434814
1.0   -2.668178178369999
AUC-ROC: 0.8914, AUC-PR: 0.9617
0.0   -4.841187698766589
0.0   -4.816095866262913
0.0   -4.941119125112891
0.0   -1.1946447789669037
0.0   -4.74811534024775
0.0   -3.7315089106559753
0.0   -4.026838097721338
0.0   -4.963939465582371
0.0   -1.0133271059021354
0.0   -3.6399704795330763
0.0   -2.8275038301944733
0.0   -4.790303181856871
0.0   -3.465982737019658
0.0   -5.029566949233413
0.0   3.084070771932602
0.0   -3.9672856889665127
0.0   -4.644478261470795
0.0   -4.390901688486338
0.0   -4.220510765910149
0.0   -4.0766249150037766
0.0   -5.116837609559298
0.0   -4.376892430707812
0.0   -4.436121288686991
0.0   -4.8953801319003105
0.0   -4.954529032111168
0.0   -4.769424214959145
0.0   -4.98330370336771
0.0   -4.441473165526986
1.0   17.386320024728775
1.0   14.610745429992676
1.0   -2.53190422616899
1.0   1.5346916913986206
1.0   5.498232781887054
1.0   4.387295484542847
1.0   -3.4518733713775873
1.0   4.954276084899902
1.0   15.14015232026577
1.0   15.353513240814209
1.0   3.756632149219513
1.0   5.420198142528534
1.0   2.937182664871216
1.0   -3.687151502817869
1.0   18.071093440055847
1.0   17.22079026699066
1.0   11.453907549381256
1.0   -1.675450686365366
1.0   -3.9996901880949736
1.0   18.958008408546448
1.0   22.081103444099426
1.0   18.73657250404358
1.0   19.56114310026169
1.0   3.7595081329345703
1.0   14.834989070892334
1.0   22.6635719537735
1.0   7.388937830924988
1.0   -2.0815755520015955
1.0   31.764704823493958
1.0   12.704977989196777
1.0   16.754438757896423
1.0   27.535144984722137
1.0   17.75444519519806
1.0   -2.3508504182100296
1.0   14.374166250228882
1.0   6.495267152786255
1.0   1.1652085483074188
1.0   2.0037800669670105
1.0   0.2877017557621002
1.0   11.835078299045563
1.0   -4.475721524097025
1.0   9.44374394416809
1.0   17.398967027664185
1.0   20.495573818683624
1.0   28.97075617313385
1.0   5.906834006309509
1.0   8.388574004173279
1.0   7.108510375022888
1.0   -1.737322673201561
1.0   -0.7421782612800598
1.0   2.97643905878067
1.0   0.9251161217689514
1.0   6.831661939620972
1.0   -4.930569753050804
1.0   -5.249862316995859
1.0   -5.064776822924614
1.0   -5.289385454729199
1.0   -1.7881686240434647
1.0   7.836094051599503
1.0   -1.8817867385223508
1.0   -0.5424058884382248
1.0   0.20166081190109253
1.0   -5.131036781705916
1.0   10.7436383664608
1.0   1.3981426656246185
1.0   10.043047547340393
1.0   9.912950038909912
1.0   -4.06457999534905
1.0   14.380711555480957
1.0   11.649416744709015
1.0   0.1383100152015686
1.0   -2.5991822201758623
AUC-ROC: 0.8953, AUC-PR: 0.9644
0.0   -5.120284391567111
0.0   -5.084187094122171
0.0   -5.1812236569821835
0.0   -1.6056745499372482
0.0   -5.0060268715023994
0.0   -4.335996836423874
0.0   -4.436837716028094
0.0   -5.162390420213342
0.0   -1.2744131498038769
0.0   -4.045773684978485
0.0   -3.4660345017910004
0.0   -5.008066393435001
0.0   -3.7124477345496416
0.0   -5.257110258564353
0.0   3.2959589064121246
0.0   -4.4194611720740795
0.0   -4.9173229318112135
0.0   -4.744231393560767
0.0   -4.56976449303329
0.0   -4.443472471088171
0.0   -5.298515200614929
0.0   -4.797345861792564
0.0   -4.784236736595631
0.0   -5.130266299471259
0.0   -5.17222024127841
0.0   -5.050232656300068
0.0   -5.202784709632397
0.0   -4.851642150431871
1.0   18.50611937046051
1.0   16.155392169952393
1.0   -2.882746560499072
1.0   2.4080101251602173
1.0   4.506601452827454
1.0   4.263544321060181
1.0   -3.8005367629230022
1.0   4.552865147590637
1.0   14.097751319408417
1.0   16.578378081321716
1.0   4.1332008838653564
1.0   5.155822664499283
1.0   5.3530096262693405
1.0   -3.9285627901554108
1.0   18.195393562316895
1.0   15.920040845870972
1.0   13.195365369319916
1.0   -2.5508626755326986
1.0   -4.436944428831339
1.0   20.13241457939148
1.0   22.16702902317047
1.0   19.26244020462036
1.0   20.867777585983276
1.0   7.43559467792511
1.0   18.34375834465027
1.0   23.1464684009552
1.0   7.713030099868774
1.0   -2.3421513438224792
1.0   31.19356545805931
1.0   12.69875693321228
1.0   18.95531666278839
1.0   31.01118004322052
1.0   17.612201809883118
1.0   -2.3767802715301514
1.0   14.992228984832764
1.0   8.494646549224854
1.0   3.3294544219970703
1.0   2.2084378600120544
1.0   -0.5822304785251617
1.0   14.494306743144989
1.0   -4.604523204267025
1.0   12.126827239990234
1.0   19.285147547721863
1.0   20.11643350124359
1.0   33.567786395549774
1.0   7.133411645889282
1.0   11.880542635917664
1.0   9.53210735321045
1.0   -2.1653590500354767
1.0   0.1194339394569397
1.0   5.446845650672913
1.0   3.2124199867248535
1.0   9.724177122116089
1.0   -4.879737626761198
1.0   -5.369293839670718
1.0   -5.131668851710856
1.0   -5.418631378561258
1.0   -1.040918156504631
1.0   7.81629678606987
1.0   -1.5357871558517218
1.0   -0.26766575314104557
1.0   2.5487710535526276
1.0   -5.280017361044884
1.0   11.472395032644272
1.0   3.082659214735031
1.0   13.963579297065735
1.0   10.432715058326721
1.0   -4.537262013182044
1.0   14.641994595527649
1.0   11.884065628051758
1.0   -0.13636252284049988
1.0   -3.183116376399994
AUC-ROC: 0.9058, AUC-PR: 0.9678
0.0   -5.17555789463222
0.0   -5.101522319018841
0.0   -5.169553406070918
0.0   -2.8629717491567135
0.0   -4.97583317104727
0.0   -4.70443075383082
0.0   -4.672303652390838
0.0   -5.174057591939345
0.0   -4.548200559802353
0.0   -4.880153761710972
0.0   -4.221291597932577
0.0   -5.1993058228399605
0.0   -4.872875762637705
0.0   -5.283330136910081
0.0   1.1606447994709015
0.0   -5.05720692127943
0.0   -5.148645361419767
0.0   -5.018691615201533
0.0   -4.764221942052245
0.0   -4.674343250691891
0.0   -5.291175748221576
0.0   -4.936696616001427
0.0   -5.018187444191426
0.0   -5.155745326541364
0.0   -5.192919754888862
0.0   -5.055246526841074
0.0   -5.203803063370287
0.0   -5.031595571665093
1.0   24.187540601938963
1.0   21.43257200717926
1.0   -2.9676880836486816
1.0   3.793145179748535
1.0   3.018399715423584
1.0   4.530608654022217
1.0   -4.052623049356043
1.0   5.5147645473480225
1.0   19.18860663473606
1.0   20.013527154922485
1.0   6.76859587430954
1.0   1.690260410308838
1.0   5.907134145498276
1.0   -4.376519788522273
1.0   18.444082140922546
1.0   14.41673868894577
1.0   12.701916188001633
1.0   -4.220936321653426
1.0   -4.857467632507905
1.0   26.510403394699097
1.0   24.558444499969482
1.0   24.272379219532013
1.0   24.81525605916977
1.0   7.697065353393555
1.0   19.625420212745667
1.0   25.272086322307587
1.0   7.570022225379944
1.0   -2.445044592022896
1.0   35.94402423501015
1.0   15.269316554069519
1.0   21.091036200523376
1.0   32.92637240886688
1.0   21.10334402322769
1.0   -2.5201490223407745
1.0   17.56771993637085
1.0   9.673805236816406
1.0   1.9679632186889648
1.0   1.6450845003128052
1.0   -0.18371936678886414
1.0   11.306413382291794
1.0   -4.889867186546326
1.0   12.7865269780159
1.0   21.05274748802185
1.0   22.599000096321106
1.0   32.94675987958908
1.0   7.657948136329651
1.0   8.736373126506805
1.0   9.11065685749054
1.0   -2.295832648873329
1.0   0.46939754486083984
1.0   4.931118667125702
1.0   1.7934222221374512
1.0   8.849234819412231
1.0   -4.999899681657553
1.0   -5.359652014449239
1.0   -4.9218371622264385
1.0   -5.377303656190634
1.0   -4.192091757431626
1.0   3.1032028645277023
1.0   -3.584641242865473
1.0   -2.607405997812748
1.0   -1.603753387928009
1.0   -5.380742005072534
1.0   6.966433137655258
1.0   -2.9093981701880693
1.0   14.960424900054932
1.0   12.055448651313782
1.0   -4.701767235063016
1.0   10.06710746884346
1.0   9.262140929698944
1.0   0.17180436849594116
1.0   -3.623457339592278
AUC-ROC: 0.9231, AUC-PR: 0.9741
0.0   -5.184050163719803
0.0   -5.1340894512832165
0.0   -5.224912086036056
0.0   -2.7949591111391783
0.0   -5.084474500734359
0.0   -4.824338632635772
0.0   -4.735035566613078
0.0   -5.221913374494761
0.0   -4.536168037448078
0.0   -4.983564874622971
0.0   -4.219395876862109
0.0   -5.22452815528959
0.0   -5.114214166067541
0.0   -5.323861443437636
0.0   -1.2125263512134552
0.0   -5.103487185202539
0.0   -5.187790530733764
0.0   -5.098837623372674
0.0   -4.79586165305227
0.0   -4.738782131113112
0.0   -5.333241966087371
0.0   -5.033965982031077
0.0   -4.959478350356221
0.0   -5.198496231343597
0.0   -5.226757008582354
0.0   -5.128556458745152
0.0   -5.249487514607608
0.0   -5.050769813358784
1.0   22.257637470960617
1.0   17.763768672943115
1.0   -4.018684182316065
1.0   1.5217003375291824
1.0   1.421065628528595
1.0   2.548369139432907
1.0   -4.302290286868811
1.0   2.9320261478424072
1.0   16.025739893317223
1.0   16.415666460990906
1.0   4.4009663462638855
1.0   -0.47205303609371185
1.0   2.508135825395584
1.0   -4.504378927871585
1.0   16.61061179637909
1.0   11.735073804855347
1.0   9.906288266181946
1.0   -4.304184602573514
1.0   -4.9267782503739
1.0   22.994601726531982
1.0   24.805248975753784
1.0   21.321669578552246
1.0   21.393169283866882
1.0   3.970342755317688
1.0   16.0926376581192
1.0   24.650570392608643
1.0   9.086829662322998
1.0   -3.2242151629179716
1.0   33.52523955702782
1.0   13.659510493278503
1.0   19.182194352149963
1.0   29.5698299407959
1.0   19.34439265727997
1.0   -2.8423612862825394
1.0   14.600860595703125
1.0   8.731523275375366
1.0   -0.034831702709198
1.0   1.9776169061660767
1.0   -1.0773079991340637
1.0   10.366678714752197
1.0   -5.122362677939236
1.0   10.189812898635864
1.0   18.644636154174805
1.0   22.10626870393753
1.0   29.922411262989044
1.0   4.287769556045532
1.0   7.594369888305664
1.0   7.31926429271698
1.0   -3.0848396718502045
1.0   -1.6552702188491821
1.0   2.7357810139656067
1.0   0.9219183325767517
1.0   6.364251255989075
1.0   -5.063773724250495
1.0   -5.3926374753937125
1.0   -5.112679413054138
1.0   -5.411449219100177
1.0   -4.436152684502304
1.0   5.18619629740715
1.0   -4.045179130509496
1.0   -3.0636932756751776
1.0   -2.165822848677635
1.0   -5.409979625605047
1.0   8.74861490726471
1.0   -3.221960436552763
1.0   11.28225040435791
1.0   10.908433675765991
1.0   -4.763727345969528
1.0   11.209515288472176
1.0   10.150538265705109
1.0   0.025030791759490967
1.0   -3.8947933288291097
AUC-ROC: 0.9152, AUC-PR: 0.9714
0.0   -5.177824261132628
0.0   -5.1223936304450035
0.0   -5.205935494042933
0.0   -1.2450708523392677
0.0   -5.03157204343006
0.0   -4.669482390396297
0.0   -4.698195904493332
0.0   -5.198011980392039
0.0   -4.308281982317567
0.0   -4.751925051212311
0.0   -4.259838534053415
0.0   -5.20506548974663
0.0   -4.920822042506188
0.0   -5.327764696441591
0.0   -0.41650107502937317
0.0   -5.080777294933796
0.0   -5.152023628354073
0.0   -5.107178862206638
0.0   -4.599535585381091
0.0   -4.609345707111061
0.0   -5.336601207964122
0.0   -4.954671603627503
0.0   -4.955257926136255
0.0   -5.2115313075482845
0.0   -5.212670193985105
0.0   -5.112510808510706
0.0   -5.252141250297427
0.0   -5.060003916732967
1.0   21.862281322479248
1.0   18.64703905582428
1.0   -3.6735824923962355
1.0   2.8116886615753174
1.0   5.007475435733795
1.0   4.669779509305954
1.0   -4.013593535870314
1.0   5.285532832145691
1.0   17.519160389900208
1.0   17.177661061286926
1.0   6.042350590229034
1.0   2.227452337741852
1.0   3.400931864976883
1.0   -4.067622869741172
1.0   18.160820484161377
1.0   16.180750012397766
1.0   12.292105734348297
1.0   -4.066382120363414
1.0   -4.714980702847242
1.0   22.709588885307312
1.0   23.48974645137787
1.0   21.133416891098022
1.0   20.744997084140778
1.0   4.728527069091797
1.0   17.32085871696472
1.0   22.683484435081482
1.0   7.402281165122986
1.0   -3.0826365500688553
1.0   32.66900973021984
1.0   13.036558628082275
1.0   18.8467298746109
1.0   29.411055386066437
1.0   18.96280151605606
1.0   -2.5033524334430695
1.0   15.822040796279907
1.0   8.691843390464783
1.0   0.41918471455574036
1.0   1.9149938225746155
1.0   -0.5188301801681519
1.0   11.64559942483902
1.0   -4.935121972113848
1.0   11.194382309913635
1.0   18.47168231010437
1.0   20.286518454551697
1.0   30.175642013549805
1.0   5.741986155509949
1.0   8.064581871032715
1.0   8.25320839881897
1.0   -2.71379853785038
1.0   0.040024399757385254
1.0   3.2228355407714844
1.0   0.6035474538803101
1.0   7.005968451499939
1.0   -4.700932783540338
1.0   -5.371514095924795
1.0   -5.124130846466869
1.0   -5.411746877711266
1.0   -3.625025564339012
1.0   4.6687892973423
1.0   -2.594013040419668
1.0   0.6286445707082748
1.0   -0.43806474655866623
1.0   -5.3875689916312695
1.0   9.052802383899689
1.0   -1.3043551575392485
1.0   12.258169651031494
1.0   8.490482091903687
1.0   -4.579413514118642
1.0   16.7713580429554
1.0   11.25887706875801
1.0   0.5464425384998322
1.0   -3.627984191291034
AUC-ROC: 0.9226, AUC-PR: 0.9742
0.0   -5.119402136653662
0.0   -5.0306588765233755
0.0   -5.18197993375361
0.0   -1.0192066300660372
0.0   -4.988482352346182
0.0   -4.2945955861359835
0.0   -4.481254927814007
0.0   -5.1835640873759985
0.0   -4.130320616066456
0.0   -4.524442225694656
0.0   -4.018487585708499
0.0   -5.181486142799258
0.0   -5.045705836266279
0.0   -5.319493878632784
0.0   -0.7151622772216797
0.0   -5.041949525475502
0.0   -5.15179287455976
0.0   -5.026496971026063
0.0   -4.428964488208294
0.0   -4.4574485793709755
0.0   -5.3346567787230015
0.0   -4.794807009398937
0.0   -4.827021090313792
0.0   -5.178774610161781
0.0   -5.156998313963413
0.0   -5.025294166058302
0.0   -5.225455690175295
0.0   -4.935944952070713
1.0   21.08556292206049
1.0   17.68426775932312
1.0   -3.4875467717647552
1.0   3.4391336143016815
1.0   3.2614285945892334
1.0   5.824581056833267
1.0   -3.8712507784366608
1.0   2.826900601387024
1.0   15.941669702529907
1.0   18.175928354263306
1.0   6.634473621845245
1.0   0.3761870712041855
1.0   2.094664543867111
1.0   -4.020359398797154
1.0   15.844707369804382
1.0   14.662492275238037
1.0   11.110053718090057
1.0   -3.763160638511181
1.0   -4.68067123927176
1.0   23.964344263076782
1.0   22.249313592910767
1.0   20.589086055755615
1.0   21.742656469345093
1.0   5.521382093429565
1.0   17.95764422416687
1.0   21.511057019233704
1.0   6.563969254493713
1.0   -2.5904882941395044
1.0   31.821605652570724
1.0   13.520318031311035
1.0   20.31925070285797
1.0   29.33156055212021
1.0   18.248666405677795
1.0   -2.114749550819397
1.0   14.851822853088379
1.0   9.93841302394867
1.0   1.609427034854889
1.0   1.927878975868225
1.0   -0.5300480127334595
1.0   12.60999745130539
1.0   -5.036316886544228
1.0   9.93371069431305
1.0   18.71099579334259
1.0   19.239930033683777
1.0   28.05332452058792
1.0   6.905250191688538
1.0   6.423756420612335
1.0   9.403658986091614
1.0   -2.3643224630504847
1.0   0.5336496233940125
1.0   3.077996015548706
1.0   0.48138904571533203
1.0   7.7900755405426025
1.0   -4.962999144569039
1.0   -5.416124138981104
1.0   -5.235666248947382
1.0   -5.433382948860526
1.0   -4.079389410093427
1.0   5.0502311289310455
1.0   -3.6972990948706865
1.0   -0.5534197688102722
1.0   -1.7312079071998596
1.0   -5.408707175403833
1.0   10.244799196720123
1.0   -1.3372818268835545
1.0   10.771415829658508
1.0   8.354920744895935
1.0   -4.260733790695667
1.0   13.8382488489151
1.0   11.57189530134201
1.0   -0.6524211689829826
1.0   -3.2052966952323914
AUC-ROC: 0.9122, AUC-PR: 0.9713
0.0   -5.2152435183525085
0.0   -5.149753589648753
0.0   -5.328978885896504
0.0   0.5553587675094604
0.0   -5.116388389840722
0.0   -4.184495181776583
0.0   -4.481698511168361
0.0   -5.3461977313272655
0.0   -3.2794664409011602
0.0   -4.392278549261391
0.0   -3.8422144558280706
0.0   -5.241584117524326
0.0   -4.8518329206854105
0.0   -5.424048732966185
0.0   0.897141307592392
0.0   -5.044883509166539
0.0   -5.1282652616500854
0.0   -5.118778560310602
0.0   -4.447863334789872
0.0   -4.345998298376799
0.0   -5.497526868246496
0.0   -4.954904447309673
0.0   -4.832583669573069
0.0   -5.258096113335341
0.0   -5.302114536054432
0.0   -5.165933475364
0.0   -5.368199334479868
0.0   -4.851071921177208
1.0   20.963991969823837
1.0   18.20523250102997
1.0   -2.9029830247163773
1.0   5.128175109624863
1.0   4.9269859790802
1.0   8.416085720062256
1.0   -3.3039985559880733
1.0   6.55869448184967
1.0   16.99991410970688
1.0   20.10208809375763
1.0   8.431433200836182
1.0   0.2113887220621109
1.0   3.2857332974672318
1.0   -3.9110493967309594
1.0   17.480975031852722
1.0   15.979223012924194
1.0   14.34925103187561
1.0   -3.22962289955467
1.0   -4.543335400521755
1.0   23.748675227165222
1.0   23.449005961418152
1.0   20.06262755393982
1.0   21.13965904712677
1.0   7.753672361373901
1.0   19.485965251922607
1.0   23.928922057151794
1.0   9.929541110992432
1.0   -2.499177910387516
1.0   30.20806461572647
1.0   15.809991896152496
1.0   19.646143913269043
1.0   29.8955237865448
1.0   18.280622124671936
1.0   -1.4686122834682465
1.0   14.200007796287537
1.0   12.352102398872375
1.0   4.923859894275665
1.0   4.274379909038544
1.0   -0.5768275260925293
1.0   15.156450688838959
1.0   -5.075830545276403
1.0   14.157916188240051
1.0   20.617803812026978
1.0   19.40800017118454
1.0   32.12103056907654
1.0   7.230813503265381
1.0   11.69317501783371
1.0   9.042000770568848
1.0   -2.34323363751173
1.0   0.9702390432357788
1.0   5.310319781303406
1.0   2.5938145518302917
1.0   7.618101000785828
1.0   -4.887937166728079
1.0   -5.547551987692714
1.0   -5.316191538237035
1.0   -5.562829134985805
1.0   -2.834962897002697
1.0   8.450048983097076
1.0   -2.36949251126498
1.0   1.6463036686182022
1.0   3.1579487025737762
1.0   -5.534506829455495
1.0   14.088259279727936
1.0   2.61744225025177
1.0   13.18365478515625
1.0   8.886536836624146
1.0   -4.473492270335555
1.0   20.111174404621124
1.0   13.234865486621857
1.0   1.8889224529266357
1.0   -2.9879962727427483
AUC-ROC: 0.9122, AUC-PR: 0.9709
0.0   -5.19839434674941
0.0   -5.096930677071214
0.0   -5.1901322402991354
0.0   -0.9654270708560944
0.0   -5.041941130999476
0.0   -4.608774092514068
0.0   -4.738684379030019
0.0   -5.19473361200653
0.0   -4.577965289121494
0.0   -4.702159310923889
0.0   -4.291102560469881
0.0   -5.244603052735329
0.0   -5.073382940841839
0.0   -5.292720851488411
0.0   0.0967637151479721
0.0   -5.122389138909057
0.0   -5.218271209392697
0.0   -5.123404084239155
0.0   -4.694711481919512
0.0   -4.607673344668001
0.0   -5.33765737619251
0.0   -4.969798723701388
0.0   -4.947342434898019
0.0   -5.192213815404102
0.0   -5.235201553441584
0.0   -5.101077382452786
0.0   -5.238178108818829
0.0   -5.028956230264157
1.0   21.24292717128992
1.0   19.263302445411682
1.0   -3.5315626561641693
1.0   3.339991420507431
1.0   5.025294482707977
1.0   5.9637004137039185
1.0   -3.783959239721298
1.0   6.683231711387634
1.0   18.253158509731293
1.0   19.11125659942627
1.0   6.747229099273682
1.0   -0.2507593035697937
1.0   2.426739975810051
1.0   -4.304473494179547
1.0   19.7645001411438
1.0   16.22372680902481
1.0   11.69395238161087
1.0   -4.019595286343247
1.0   -4.841318777995184
1.0   24.092930912971497
1.0   20.02718472480774
1.0   19.880661249160767
1.0   20.963111400604248
1.0   1.9705264568328857
1.0   15.386317729949951
1.0   19.37499487400055
1.0   4.415635347366333
1.0   -3.172473331913352
1.0   31.726817429065704
1.0   11.770341873168945
1.0   18.150563836097717
1.0   28.404953062534332
1.0   16.419994473457336
1.0   -2.5967118740081787
1.0   14.681182622909546
1.0   8.22518765926361
1.0   1.0373145937919617
1.0   0.678784191608429
1.0   -1.3682327270507812
1.0   11.952039361000061
1.0   -5.078425591811538
1.0   10.630914449691772
1.0   15.855044841766357
1.0   18.70310604572296
1.0   29.21032840013504
1.0   3.5916924476623535
1.0   7.4306401014328
1.0   5.867449402809143
1.0   -2.9137184470891953
1.0   -0.3863956034183502
1.0   2.6592591404914856
1.0   0.4198746085166931
1.0   4.001795768737793
1.0   -5.0247974479570985
1.0   -5.373305855318904
1.0   -5.25036296248436
1.0   -5.390584176406264
1.0   -4.287563547492027
1.0   3.73119780421257
1.0   -4.0791192427277565
1.0   -1.5835579559206963
1.0   -2.783097056671977
1.0   -5.36607881449163
1.0   9.087690830230713
1.0   -1.7229368537664413
1.0   9.871185183525085
1.0   6.483067750930786
1.0   -4.676633737981319
1.0   11.839339300990105
1.0   10.977008163928986
1.0   -1.3567767515778542
1.0   -3.7819099463522434
AUC-ROC: 0.9092, AUC-PR: 0.9694
0.0   -4.925244774669409
0.0   -4.828475184738636
0.0   -4.98468235693872
0.0   -1.0402733646333218
0.0   -4.8129604030400515
0.0   -4.156228492036462
0.0   -4.35464240051806
0.0   -5.000140214338899
0.0   -3.8956191428005695
0.0   -4.166309766471386
0.0   -3.6253567077219486
0.0   -4.985064664855599
0.0   -4.680524813942611
0.0   -5.099991507828236
0.0   -0.24185074865818024
0.0   -4.774602439254522
0.0   -4.94810052588582
0.0   -4.851374683901668
0.0   -4.295636726543307
0.0   -4.142891069874167
0.0   -5.144462598487735
0.0   -4.681553278118372
0.0   -4.571095559746027
0.0   -4.969353009015322
0.0   -4.992964953184128
0.0   -4.857499593868852
0.0   -5.034566456452012
0.0   -4.6775405537337065
1.0   15.366565749049187
1.0   14.767228960990906
1.0   -3.135378645732999
1.0   1.5662197768688202
1.0   5.572795510292053
1.0   4.852708697319031
1.0   -3.218468951061368
1.0   4.6499486565589905
1.0   13.827150106430054
1.0   16.62161123752594
1.0   5.0653311014175415
1.0   0.5657309740781784
1.0   1.1847961097955704
1.0   -3.8273755460977554
1.0   17.372549891471863
1.0   15.76479983329773
1.0   9.846049964427948
1.0   -3.1938751973211765
1.0   -4.486882496625185
1.0   19.541858553886414
1.0   19.84036159515381
1.0   19.18112885951996
1.0   20.81974494457245
1.0   3.0792335271835327
1.0   16.92804479598999
1.0   19.299171328544617
1.0   4.632959485054016
1.0   -2.6077830512076616
1.0   30.702603667974472
1.0   12.86624789237976
1.0   18.78873872756958
1.0   28.097729563713074
1.0   16.997958302497864
1.0   -2.233197331428528
1.0   13.324519991874695
1.0   9.496779561042786
1.0   2.540100574493408
1.0   0.9127171337604523
1.0   -0.9218565225601196
1.0   12.998553335666656
1.0   -4.865856032818556
1.0   10.978201508522034
1.0   16.407415628433228
1.0   17.856368958950043
1.0   29.323390543460846
1.0   3.672662138938904
1.0   8.311363220214844
1.0   7.734548449516296
1.0   -2.362576996907592
1.0   -0.006009578704833984
1.0   3.7455711364746094
1.0   1.4347923398017883
1.0   5.584550142288208
1.0   -4.8123603370040655
1.0   -5.221387058496475
1.0   -5.122599354013801
1.0   -5.240761499851942
1.0   -3.565333254635334
1.0   4.207755416631699
1.0   -3.2834573928266764
1.0   -0.16213464736938477
1.0   -2.098195726983249
1.0   -5.191841760650277
1.0   9.933850169181824
1.0   0.2825807183980942
1.0   10.766022324562073
1.0   6.476470351219177
1.0   -4.2839800557121634
1.0   19.32570630311966
1.0   13.786666989326477
1.0   0.21423426270484924
1.0   -3.235359702259302
AUC-ROC: 0.9092, AUC-PR: 0.9705
0.0   -4.9650043388828635
0.0   -4.811407989356667
0.0   -5.016782930120826
0.0   -0.9056359883397818
0.0   -4.827074623666704
0.0   -4.068663479760289
0.0   -4.42779492540285
0.0   -5.021490171551704
0.0   -3.9711748380213976
0.0   -4.195188923738897
0.0   -3.6312963874079287
0.0   -5.018175391945988
0.0   -4.672970303799957
0.0   -5.144490456208587
0.0   0.34059517085552216
0.0   -4.861610950902104
0.0   -4.946777589153498
0.0   -4.876755473203957
0.0   -4.361740010324866
0.0   -4.1862942557781935
0.0   -5.191573469899595
0.0   -4.679409911856055
0.0   -4.603480078279972
0.0   -5.010169222019613
0.0   -5.013844734989107
0.0   -4.868272731546313
0.0   -5.074726741760969
0.0   -4.683420980814844
1.0   20.440065130591393
1.0   17.75680720806122
1.0   -2.541223455220461
1.0   4.440485775470734
1.0   6.221100568771362
1.0   7.652008086442947
1.0   -2.946206263266504
1.0   5.525956034660339
1.0   17.281582549214363
1.0   19.341181993484497
1.0   8.273325681686401
1.0   0.6415914297103882
1.0   1.048734188079834
1.0   -3.6810910888016224
1.0   17.126980543136597
1.0   16.377563655376434
1.0   10.969275951385498
1.0   -3.1585649643093348
1.0   -4.419570418074727
1.0   23.246806979179382
1.0   22.82394927740097
1.0   20.664498209953308
1.0   21.72786980867386
1.0   5.649078845977783
1.0   18.676150918006897
1.0   22.132713317871094
1.0   7.002666473388672
1.0   -2.3257206566631794
1.0   31.027194783091545
1.0   14.732401907444
1.0   19.940295219421387
1.0   29.60313504934311
1.0   18.55638086795807
1.0   -1.9025271534919739
1.0   14.40308141708374
1.0   11.082060694694519
1.0   4.285926818847656
1.0   2.9906402230262756
1.0   -0.23510101437568665
1.0   14.557943642139435
1.0   -4.864697672426701
1.0   12.939630508422852
1.0   18.376280546188354
1.0   19.659756898880005
1.0   30.682966768741608
1.0   6.098504543304443
1.0   9.6597341299057
1.0   8.473426580429077
1.0   -2.4203309677541256
1.0   0.9491615891456604
1.0   4.9407795667648315
1.0   2.455866515636444
1.0   6.838059604167938
1.0   -4.814210447482765
1.0   -5.245697224512696
1.0   -5.082322895526886
1.0   -5.264638809487224
1.0   -3.452855958137661
1.0   5.7933283895254135
1.0   -3.3371464777737856
1.0   -0.009205356240272522
1.0   -1.4415668472647667
1.0   -5.214693835936487
1.0   11.294657289981842
1.0   0.9176820069551468
1.0   12.22201418876648
1.0   8.075705766677856
1.0   -4.198739888612181
1.0   18.433674827218056
1.0   12.051825642585754
1.0   0.14709767699241638
1.0   -3.0889208260923624
AUC-ROC: 0.9102, AUC-PR: 0.9705
0.0   -4.958628175780177
0.0   -4.839653908275068
0.0   -5.0424489714205265
0.0   -0.8135065361857414
0.0   -4.860810616053641
0.0   -4.134004320949316
0.0   -4.393284106627107
0.0   -5.054166783578694
0.0   -3.8521733852103353
0.0   -4.227347668260336
0.0   -3.660549648106098
0.0   -5.0101693300530314
0.0   -4.771846862509847
0.0   -5.166567524895072
0.0   -0.22535689547657967
0.0   -4.868329276330769
0.0   -4.968780022114515
0.0   -4.835780872963369
0.0   -4.261330371722579
0.0   -4.108460197225213
0.0   -5.1960367523133755
0.0   -4.663273938931525
0.0   -4.57646752987057
0.0   -5.003745744936168
0.0   -5.022611270658672
0.0   -4.881404629908502
0.0   -5.071152553893626
0.0   -4.67868543881923
1.0   15.749098189175129
1.0   15.85009503364563
1.0   -2.844458185136318
1.0   1.1223235130310059
1.0   6.206410527229309
1.0   4.770736813545227
1.0   -2.9097846932709217
1.0   5.08347487449646
1.0   14.693872764706612
1.0   15.575316548347473
1.0   5.2940146923065186
1.0   1.2187799364328384
1.0   1.3972333520650864
1.0   -3.8151780599728227
1.0   17.2629714012146
1.0   16.2287814617157
1.0   10.97335398197174
1.0   -3.176585176959634
1.0   -4.48065032903105
1.0   19.009875178337097
1.0   22.044153571128845
1.0   19.44789695739746
1.0   18.973950386047363
1.0   1.3960453867912292
1.0   14.766774535179138
1.0   21.636337876319885
1.0   7.341156721115112
1.0   -2.3581816405057907
1.0   31.38315200805664
1.0   13.92644590139389
1.0   16.841383695602417
1.0   25.755681216716766
1.0   17.155431032180786
1.0   -1.8861571252346039
1.0   15.667142629623413
1.0   10.325865983963013
1.0   1.9234139323234558
1.0   2.5095239877700806
1.0   -0.23385122418403625
1.0   12.052645862102509
1.0   -4.932218593079597
1.0   10.820307731628418
1.0   17.619468688964844
1.0   18.92837929725647
1.0   28.534984409809113
1.0   3.9170660972595215
1.0   8.391891717910767
1.0   5.8963704109191895
1.0   -2.224104955792427
1.0   -0.13241958618164062
1.0   2.8774576783180237
1.0   1.2167628407478333
1.0   4.397351503372192
1.0   -4.738636467605829
1.0   -5.269786808639765
1.0   -5.134584848769009
1.0   -5.2918731276877224
1.0   -3.6157392533496022
1.0   6.250958293676376
1.0   -3.257945637218654
1.0   -0.3306165039539337
1.0   -1.5061813667416573
1.0   -5.254898206330836
1.0   11.195074170827866
1.0   -0.1277381330728531
1.0   9.652528762817383
1.0   7.479073643684387
1.0   -4.25083466200158
1.0   19.166212171316147
1.0   12.458865284919739
1.0   0.7564547955989838
1.0   -3.1160235749557614
AUC-ROC: 0.9102, AUC-PR: 0.9706
0.0   -4.905606328975409
0.0   -4.7263996340334415
0.0   -4.973841830622405
0.0   -0.36211395263671875
0.0   -4.729990681633353
0.0   -3.8455395488999784
0.0   -4.272641534451395
0.0   -4.997344536706805
0.0   -3.7430050494149327
0.0   -4.0893926322460175
0.0   -3.3680279161781073
0.0   -4.946269757580012
0.0   -4.5668962728232145
0.0   -5.11924673197791
0.0   2.3791238218545914
0.0   -4.79333911370486
0.0   -4.850923382677138
0.0   -4.744501501787454
0.0   -4.081812469754368
0.0   -3.9335319958627224
0.0   -5.1680451557040215
0.0   -4.531384719535708
0.0   -4.508249474223703
0.0   -4.930042002815753
0.0   -4.927528178319335
0.0   -4.764206531457603
0.0   -5.026356771122664
0.0   -4.534005394205451
1.0   23.631864741444588
1.0   20.726316571235657
1.0   -1.482981264591217
1.0   7.140334755182266
1.0   5.166064918041229
1.0   10.478173553943634
1.0   -2.232260273769498
1.0   6.1068209409713745
1.0   20.204794574528933
1.0   22.864314198493958
1.0   11.257248044013977
1.0   1.1240353286266327
1.0   4.069121986627579
1.0   -3.2082839906215668
1.0   17.291730642318726
1.0   18.443462431430817
1.0   14.416710019111633
1.0   -2.9092145329341292
1.0   -4.215356749482453
1.0   26.397971749305725
1.0   22.92043286561966
1.0   21.248168230056763
1.0   21.413138031959534
1.0   6.060480117797852
1.0   18.983253002166748
1.0   23.188938975334167
1.0   9.293044924736023
1.0   -1.749740332365036
1.0   32.29056580364704
1.0   15.561181485652924
1.0   19.76378047466278
1.0   30.285558998584747
1.0   18.18079501390457
1.0   -1.374130666255951
1.0   16.779335141181946
1.0   11.795608162879944
1.0   5.194002389907837
1.0   3.9277109503746033
1.0   0.6372625231742859
1.0   14.566434741020203
1.0   -4.819849637337029
1.0   13.646969735622406
1.0   19.784740805625916
1.0   19.601104617118835
1.0   31.191958248615265
1.0   6.697964429855347
1.0   10.116212248802185
1.0   9.001259684562683
1.0   -1.902072124183178
1.0   1.0866649150848389
1.0   5.278962969779968
1.0   2.568816840648651
1.0   7.340896487236023
1.0   -4.733156177215278
1.0   -5.24868747824803
1.0   -5.014067817479372
1.0   -5.261830504518002
1.0   -3.163250720128417
1.0   6.981637313961983
1.0   -2.616598406806588
1.0   0.735068678855896
1.0   0.4639296680688858
1.0   -5.228892846498638
1.0   12.3891681432724
1.0   0.9719416052103043
1.0   12.595903158187866
1.0   8.172958731651306
1.0   -4.01779916184023
1.0   19.02526679635048
1.0   11.689606875181198
1.0   1.480818748474121
1.0   -2.5204755440354347
AUC-ROC: 0.9092, AUC-PR: 0.9700
0.0   -5.125377703458071
0.0   -4.976850895211101
0.0   -5.199987790547311
0.0   0.01777094602584839
0.0   -5.014524145051837
0.0   -4.246516568120569
0.0   -4.542494875844568
0.0   -5.208714148029685
0.0   -4.203868508338928
0.0   -4.4437941294163465
0.0   -3.809230607934296
0.0   -5.197579513769597
0.0   -5.008494005072862
0.0   -5.319555946160108
0.0   -0.031919658184051514
0.0   -5.052418214268982
0.0   -5.137960026971996
0.0   -5.0223248694092035
0.0   -4.454986387398094
0.0   -4.298293693456799
0.0   -5.359007170889527
0.0   -4.832020292524248
0.0   -4.7293483559042215
0.0   -5.167041128966957
0.0   -5.166879975702614
0.0   -5.026081339921802
0.0   -5.236104702576995
0.0   -4.841174167580903
1.0   17.43743298947811
1.0   16.60101306438446
1.0   -2.8764366395771503
1.0   2.754425197839737
1.0   6.068552911281586
1.0   5.92380827665329
1.0   -3.0558244939893484
1.0   6.632144451141357
1.0   16.372742772102356
1.0   16.81665813922882
1.0   6.113476991653442
1.0   0.754270002245903
1.0   1.9377658814191818
1.0   -3.9229278224520385
1.0   18.045850157737732
1.0   15.970129370689392
1.0   11.586038827896118
1.0   -3.4447819851338863
1.0   -4.663053271360695
1.0   19.762319803237915
1.0   23.53877365589142
1.0   18.527003169059753
1.0   17.841926217079163
1.0   2.42136549949646
1.0   15.44838035106659
1.0   22.953043580055237
1.0   9.401718616485596
1.0   -2.4758783355355263
1.0   29.071363180875778
1.0   15.02301824092865
1.0   16.751750111579895
1.0   26.507148444652557
1.0   17.389448165893555
1.0   -2.276713952422142
1.0   11.899734616279602
1.0   9.967423558235168
1.0   1.3328059017658234
1.0   4.11478066444397
1.0   -0.1918865442276001
1.0   11.660616636276245
1.0   -5.096961583010852
1.0   8.874821424484253
1.0   17.262765645980835
1.0   19.830705761909485
1.0   26.308394253253937
1.0   4.29351282119751
1.0   6.20079243183136
1.0   5.91813600063324
1.0   -2.4124923162162304
1.0   -0.4667205214500427
1.0   2.3362261056900024
1.0   0.12870579957962036
1.0   4.059138774871826
1.0   -5.029725531116128
1.0   -5.410217072814703
1.0   -5.251016560941935
1.0   -5.428019570186734
1.0   -3.9413832370191813
1.0   7.274323180317879
1.0   -3.746491165831685
1.0   -0.6403696071356535
1.0   -1.3756505399942398
1.0   -5.399763309396803
1.0   11.492962658405304
1.0   -0.9536427576094866
1.0   8.807732939720154
1.0   8.426667094230652
1.0   -4.327751202508807
1.0   16.64004312455654
1.0   12.989107847213745
1.0   -0.6902179047465324
1.0   -3.2538651935756207
AUC-ROC: 0.9038, AUC-PR: 0.9678
0.0   -4.923473708331585
0.0   -4.788705718703568
0.0   -5.051722618751228
0.0   1.6527507305145264
0.0   -4.826818369328976
0.0   -3.8777235308662057
0.0   -4.265849634539336
0.0   -5.0612408998422325
0.0   -3.3367009768262506
0.0   -3.83847024012357
0.0   -3.261072307359427
0.0   -4.977989664301276
0.0   -4.616243832046166
0.0   -5.193048856221139
0.0   3.4448675215244293
0.0   -4.762106296606362
0.0   -4.9052223027683794
0.0   -4.767561218701303
0.0   -4.079532327130437
0.0   -3.900047331582755
0.0   -5.225143037270755
0.0   -4.543839462799951
0.0   -4.445101605262607
0.0   -5.0128765078261495
0.0   -5.0018711080774665
0.0   -4.83288311585784
0.0   -5.0736658331006765
0.0   -4.557141441153362
1.0   21.59651629626751
1.0   20.007134318351746
1.0   -1.7873451113700867
1.0   6.069168508052826
1.0   7.737356662750244
1.0   10.040818333625793
1.0   -2.4087874116376042
1.0   7.9229830503463745
1.0   19.367506235837936
1.0   21.46850287914276
1.0   9.17299473285675
1.0   3.385531097650528
1.0   3.4811266288161278
1.0   -3.2778545850887895
1.0   19.78834354877472
1.0   19.920844614505768
1.0   14.563854575157166
1.0   -2.585212415084243
1.0   -4.279406836722046
1.0   25.085098266601562
1.0   24.397103190422058
1.0   23.398834347724915
1.0   23.714011073112488
1.0   7.195423662662506
1.0   20.029728889465332
1.0   24.205341339111328
1.0   9.89643943309784
1.0   -1.7166535630822182
1.0   33.588763386011124
1.0   18.170621752738953
1.0   21.46756863594055
1.0   29.99227797985077
1.0   20.85106599330902
1.0   -0.520340085029602
1.0   16.924900770187378
1.0   14.713711619377136
1.0   6.389297902584076
1.0   5.066449403762817
1.0   0.46315526962280273
1.0   15.95228236913681
1.0   -4.858782612718642
1.0   14.264130890369415
1.0   21.891555070877075
1.0   21.48766338825226
1.0   31.400787472724915
1.0   8.146873354911804
1.0   11.096289455890656
1.0   11.472850680351257
1.0   -1.351550132036209
1.0   1.3799154162406921
1.0   6.526629567146301
1.0   4.25148606300354
1.0   9.417387843132019
1.0   -4.561609260737896
1.0   -5.299640953540802
1.0   -5.1242340500466526
1.0   -5.321510941721499
1.0   -2.772545136511326
1.0   8.364988327026367
1.0   -2.5250096856616437
1.0   2.860605239868164
1.0   0.6802369356155396
1.0   -5.2673050267621875
1.0   14.09474515914917
1.0   2.8686370253562927
1.0   13.74814748764038
1.0   10.457571744918823
1.0   -3.916261930949986
1.0   20.48871538043022
1.0   12.722350895404816
1.0   0.424621045589447
1.0   -2.5255206655710936
AUC-ROC: 0.9067, AUC-PR: 0.9688
0.0   -4.9072932889685035
0.0   -4.811227089725435
0.0   -5.03781002946198
0.0   -0.4894453939050436
0.0   -4.827348948456347
0.0   -3.917290668003261
0.0   -4.293768782168627
0.0   -5.058521513827145
0.0   -3.109768571332097
0.0   -3.975474189966917
0.0   -3.3404711596667767
0.0   -4.967916134744883
0.0   -4.576277470216155
0.0   -5.154071127995849
0.0   0.3070578798651695
0.0   -4.731100803241134
0.0   -4.843733769841492
0.0   -4.801011823117733
0.0   -4.13334989733994
0.0   -3.894653701223433
0.0   -5.2150563560426235
0.0   -4.652946123853326
0.0   -4.422743555158377
0.0   -4.971825139597058
0.0   -4.987687032669783
0.0   -4.844682482071221
0.0   -5.067210964858532
0.0   -4.516826236620545
1.0   20.465217284858227
1.0   18.249465823173523
1.0   -2.3341022431850433
1.0   3.369974821805954
1.0   5.569958984851837
1.0   6.950969576835632
1.0   -2.511812135577202
1.0   4.8798463344573975
1.0   12.682271346449852
1.0   16.726906895637512
1.0   9.696065187454224
1.0   0.8340626358985901
1.0   3.7225511372089386
1.0   -3.395661275833845
1.0   15.61785101890564
1.0   14.05727469921112
1.0   13.493947327136993
1.0   -2.682634064927697
1.0   -4.302930890582502
1.0   21.592732071876526
1.0   24.499070405960083
1.0   21.186679482460022
1.0   21.51774549484253
1.0   5.106611132621765
1.0   18.191582202911377
1.0   24.150384306907654
1.0   10.176742434501648
1.0   -2.1103597171604633
1.0   31.68885549902916
1.0   16.50365787744522
1.0   19.628453612327576
1.0   28.978544652462006
1.0   19.23871159553528
1.0   -1.7403090596199036
1.0   15.08529245853424
1.0   12.460444211959839
1.0   4.3795380890369415
1.0   4.086942970752716
1.0   -0.2799265682697296
1.0   14.121629416942596
1.0   -4.902235580608249
1.0   12.53432023525238
1.0   20.03118336200714
1.0   20.440095901489258
1.0   30.070624113082886
1.0   5.302854061126709
1.0   9.976582765579224
1.0   8.848796844482422
1.0   -2.1545958686619997
1.0   0.10094648599624634
1.0   4.42656534910202
1.0   1.9876907467842102
1.0   6.585114240646362
1.0   -4.762407532660291
1.0   -5.290288874413818
1.0   -5.107095560524613
1.0   -5.30230827908963
1.0   -3.022243002895266
1.0   8.322562992572784
1.0   -2.373936528339982
1.0   1.0058008283376694
1.0   0.8379977196455002
1.0   -5.260104556102306
1.0   13.337108135223389
1.0   1.996437892317772
1.0   11.4798583984375
1.0   8.798531651496887
1.0   -4.142952762078494
1.0   21.276555478572845
1.0   13.763406097888947
1.0   2.442626953125
1.0   -2.6516713784076273
AUC-ROC: 0.9087, AUC-PR: 0.9704
0.0   -5.089323453605175
0.0   -4.983069404959679
0.0   -5.154912489466369
0.0   -1.0742591097950935
0.0   -4.989568731747568
0.0   -4.319067341275513
0.0   -4.573921741917729
0.0   -5.163405643776059
0.0   -3.893438552506268
0.0   -4.387779709883034
0.0   -3.8402241822332144
0.0   -5.131410978734493
0.0   -4.834056115709245
0.0   -5.265849808230996
0.0   -0.2827007621526718
0.0   -4.978835774585605
0.0   -5.074511896818876
0.0   -5.0209686532616615
0.0   -4.510130504146218
0.0   -4.317816341295838
0.0   -5.308555504307151
0.0   -4.865340285934508
0.0   -4.729589707218111
0.0   -5.127959272824228
0.0   -5.152613656595349
0.0   -5.025092672556639
0.0   -5.188133410178125
0.0   -4.829405792988837
1.0   17.654558464884758
1.0   15.40155279636383
1.0   -2.9799300767481327
1.0   3.992067128419876
1.0   3.725669741630554
1.0   7.382354378700256
1.0   -3.0836818274110556
1.0   2.613911598920822
1.0   14.522997707128525
1.0   18.683939456939697
1.0   7.247345328330994
1.0   -0.017280668020248413
1.0   0.7043426781892776
1.0   -3.90767515450716
1.0   13.32465124130249
1.0   14.683951318264008
1.0   9.749086022377014
1.0   -3.486362213268876
1.0   -4.612097376957536
1.0   21.75190532207489
1.0   24.57543385028839
1.0   22.476754188537598
1.0   23.152886748313904
1.0   5.4355796575546265
1.0   18.549360036849976
1.0   24.54914665222168
1.0   9.583784818649292
1.0   -2.7340326607227325
1.0   32.67725342512131
1.0   16.7745361328125
1.0   20.505639672279358
1.0   29.596494376659393
1.0   20.262016773223877
1.0   -1.7081692218780518
1.0   15.384399175643921
1.0   13.695323944091797
1.0   4.782097041606903
1.0   5.001700699329376
1.0   -0.7039904594421387
1.0   14.68915331363678
1.0   -5.042231767671183
1.0   12.960245609283447
1.0   21.104787945747375
1.0   21.56559532880783
1.0   30.830959856510162
1.0   5.68675696849823
1.0   9.743609070777893
1.0   8.691690444946289
1.0   -2.7408410161733627
1.0   0.28589051961898804
1.0   5.0318944454193115
1.0   2.7861819863319397
1.0   6.912773787975311
1.0   -4.966353392228484
1.0   -5.358872492797673
1.0   -5.213410486932844
1.0   -5.378787830006331
1.0   -3.6265676831826568
1.0   8.117814615368843
1.0   -3.3920667935162783
1.0   1.263191044330597
1.0   -0.2905801236629486
1.0   -5.336917044594884
1.0   13.282778084278107
1.0   1.8860203176736832
1.0   12.332215905189514
1.0   10.321533203125
1.0   -4.468561944784597
1.0   17.087146252393723
1.0   11.857007205486298
1.0   -0.07509523630142212
1.0   -3.376803300343454
AUC-ROC: 0.9102, AUC-PR: 0.9708
0.0   -5.0203601769171655
0.0   -4.9122041100636125
0.0   -5.167183855548501
0.0   1.3523930311203003
0.0   -4.976012765429914
0.0   -4.178295453079045
0.0   -4.41474558506161
0.0   -5.1619285880587995
0.0   -3.5224202377721667
0.0   -4.007267585024238
0.0   -3.406842627096921
0.0   -5.1015740116126835
0.0   -4.886838138103485
0.0   -5.289618252310902
0.0   2.5144541263580322
0.0   -4.850778001360595
0.0   -5.064076417591423
0.0   -4.8917520749382675
0.0   -4.284050214104354
0.0   -4.044835012871772
0.0   -5.317875407636166
0.0   -4.6772781908512115
0.0   -4.4886666079983115
0.0   -5.129713868256658
0.0   -5.0877041313797235
0.0   -4.956295569427311
0.0   -5.173174366354942
0.0   -4.641424752771854
1.0   19.69441808760166
1.0   19.08952569961548
1.0   -2.874943897128105
1.0   3.550362378358841
1.0   6.115479946136475
1.0   7.684485673904419
1.0   -2.843636676669121
1.0   6.8173564076423645
1.0   17.29993748664856
1.0   18.59799599647522
1.0   7.3655441999435425
1.0   2.1124854683876038
1.0   3.220223292708397
1.0   -3.797003806568682
1.0   19.879637479782104
1.0   17.95646643638611
1.0   13.084293007850647
1.0   -2.8183147367089987
1.0   -4.5519379316829145
1.0   23.625370264053345
1.0   19.23500120639801
1.0   18.07600772380829
1.0   17.981040835380554
1.0   4.488732695579529
1.0   17.3797527551651
1.0   17.919039011001587
1.0   5.309579610824585
1.0   -2.053961381316185
1.0   30.860419780015945
1.0   12.369264602661133
1.0   17.30435013771057
1.0   27.62121880054474
1.0   16.496667981147766
1.0   -1.897134393453598
1.0   14.177302837371826
1.0   7.380640983581543
1.0   1.976425677537918
1.0   2.0378746390342712
1.0   0.1549326777458191
1.0   10.957856059074402
1.0   -5.071093926206231
1.0   9.360745072364807
1.0   13.409903526306152
1.0   16.74390882253647
1.0   26.06652694940567
1.0   4.646114826202393
1.0   5.8701735734939575
1.0   8.568805813789368
1.0   -1.9746290147304535
1.0   0.4982064366340637
1.0   3.2598292231559753
1.0   0.7665917277336121
1.0   6.279720783233643
1.0   -4.902065131813288
1.0   -5.390182571485639
1.0   -5.304283323697746
1.0   -5.405614175833762
1.0   -3.435139834880829
1.0   3.4922991394996643
1.0   -3.2893221005797386
1.0   -0.07925188634544611
1.0   -2.2988521549850702
1.0   -5.338179467245936
1.0   8.339842855930328
1.0   -0.12567771971225739
1.0   8.760890483856201
1.0   6.248222589492798
1.0   -4.032760825008154
1.0   19.621720761060715
1.0   12.282322198152542
1.0   -0.15659555792808533
1.0   -2.822703056037426
AUC-ROC: 0.9003, AUC-PR: 0.9661
0.0   -5.046143691986799
0.0   -4.8893352162558585
0.0   -5.108263374771923
0.0   0.054264992475509644
0.0   -4.915355524048209
0.0   -4.225605474319309
0.0   -4.509159019682556
0.0   -5.121004623826593
0.0   -4.004788308870047
0.0   -4.336655410006642
0.0   -3.7866061362437904
0.0   -5.104300645180047
0.0   -4.8891980305779725
0.0   -5.237423336599022
0.0   0.9225102216005325
0.0   -4.950837531127036
0.0   -5.050720831844956
0.0   -4.952216451056302
0.0   -4.422740421723574
0.0   -4.232279784511775
0.0   -5.282031612005085
0.0   -4.745668480638415
0.0   -4.643866956001148
0.0   -5.084477998316288
0.0   -5.086460023885593
0.0   -4.943615899421275
0.0   -5.151540485210717
0.0   -4.73641957109794
1.0   20.98598113656044
1.0   19.46018135547638
1.0   -2.5704056471586227
1.0   4.056696504354477
1.0   5.810184001922607
1.0   7.4132643938064575
1.0   -2.924179160967469
1.0   6.893989086151123
1.0   17.80318284034729
1.0   18.78568172454834
1.0   8.335161030292511
1.0   0.214925616979599
1.0   2.9609889090061188
1.0   -3.894794123014435
1.0   18.476039171218872
1.0   15.664878964424133
1.0   13.040777862071991
1.0   -3.4677202980965376
1.0   -4.550636364147067
1.0   23.413452625274658
1.0   22.82735002040863
1.0   19.10701835155487
1.0   18.35893452167511
1.0   2.763067603111267
1.0   16.163370728492737
1.0   22.231078147888184
1.0   8.53581714630127
1.0   -2.45884913392365
1.0   29.661473870277405
1.0   13.806580364704132
1.0   17.63407301902771
1.0   27.315919280052185
1.0   16.97653019428253
1.0   -2.2229892760515213
1.0   12.640869498252869
1.0   9.377463459968567
1.0   1.4882850050926208
1.0   3.401847243309021
1.0   -0.6905126869678497
1.0   11.404382288455963
1.0   -5.034428400918841
1.0   9.15200960636139
1.0   16.76344621181488
1.0   19.10144978761673
1.0   26.570075511932373
1.0   3.690281867980957
1.0   5.201287031173706
1.0   6.685994267463684
1.0   -2.620111793279648
1.0   -0.5635802745819092
1.0   2.56694895029068
1.0   -0.17363934218883514
1.0   4.596465587615967
1.0   -4.98448487976566
1.0   -5.337796193081886
1.0   -5.159967019222677
1.0   -5.354675409384072
1.0   -3.7899449039250612
1.0   6.07764245569706
1.0   -3.693434031214565
1.0   -0.6912488471716642
1.0   -1.455354556441307
1.0   -5.316560029052198
1.0   10.258823424577713
1.0   -0.8868782995268703
1.0   9.078227996826172
1.0   7.990941166877747
1.0   -4.262671938166022
1.0   13.970965430140495
1.0   10.82268911600113
1.0   -0.6096917390823364
1.0   -3.1716742496937513
AUC-ROC: 0.9018, AUC-PR: 0.9668
