0.0   -4.6435801312327385
0.0   -3.549086567014456
0.0   -4.720911820419133
0.0   4.401455640792847
0.0   -4.551050830632448
0.0   -1.1579611599445343
0.0   0.8752625584602356
0.0   -4.461068227887154
0.0   3.1943329423666
0.0   -3.274055065587163
0.0   -0.4920725077390671
0.0   -4.712915359996259
0.0   -3.9805190367624164
0.0   -5.108562644105405
0.0   11.58248519897461
0.0   -4.479343777522445
0.0   -4.438929716125131
0.0   -4.503613637760282
0.0   -4.644792220555246
0.0   -4.460817475803196
0.0   -4.548461775295436
0.0   -4.527293501421809
0.0   -3.6577329356223345
0.0   -2.6712553799152374
0.0   -3.98142059892416
0.0   -4.548927189782262
0.0   -4.560749272815883
0.0   -2.525129273533821
1.0   34.38413816690445
1.0   31.766668617725372
1.0   31.456946462392807
1.0   40.565899819135666
1.0   31.021147191524506
1.0   16.226855278015137
1.0   36.5948112308979
1.0   35.87346124649048
1.0   32.698231756687164
1.0   46.837187960743904
1.0   2.169597029685974
1.0   51.37623652815819
1.0   55.30671666562557
1.0   29.526212334632874
1.0   8.831101477146149
1.0   32.94089124724269
1.0   43.02670373022556
1.0   41.74261237680912
1.0   24.598940014839172
1.0   37.174060612916946
1.0   42.58739049732685
1.0   30.09692132472992
1.0   9.420727252960205
1.0   33.181506767868996
1.0   28.6123765707016
1.0   33.42759570479393
1.0   41.21608030050993
1.0   36.06854087114334
1.0   43.981876730918884
1.0   35.721751645207405
1.0   20.350396752357483
1.0   12.714138776063919
1.0   34.61054788529873
1.0   36.070332646369934
1.0   13.097447872161865
1.0   39.822324335575104
1.0   43.84624181687832
1.0   51.322016678750515
1.0   37.266490660607815
1.0   40.662225902080536
1.0   45.17105792462826
1.0   11.014109373092651
1.0   35.331908509135246
1.0   28.59712380170822
1.0   16.96716868877411
1.0   36.91051471233368
1.0   54.990569829940796
1.0   40.25377228856087
1.0   45.554979383945465
1.0   55.00549391657114
1.0   46.26267323642969
1.0   40.27545875310898
1.0   47.384957648813725
1.0   44.0516477227211
1.0   53.32409469783306
1.0   42.16635796427727
1.0   40.65985941886902
1.0   24.59201407432556
1.0   49.67550168931484
1.0   41.02876536548138
1.0   22.999694228172302
1.0   -5.192063869908452
1.0   9.489681482315063
1.0   -5.127699243836105
1.0   22.07293665409088
1.0   8.700822204351425
1.0   18.046606421470642
1.0   -0.6880089044570923
1.0   40.072434186935425
1.0   -5.2616394478827715
1.0   27.413469433784485
1.0   3.76039320230484
1.0   31.13117218017578
1.0   22.955702483654022
1.0   -3.8569450844079256
1.0   10.497646301984787
1.0   30.119572281837463
1.0   21.302323818206787
1.0   2.7060521841049194
