0.0   -5.981170270126313
0.0   -6.01997058885172
0.0   -5.489814505446702
0.0   -6.029662694782019
0.0   -5.981501433067024
0.0   -6.009844056330621
0.0   -3.756184943020344
0.0   -5.96544305793941
0.0   -5.957232968881726
0.0   -5.945627293083817
0.0   -5.980627389159054
0.0   -5.958171097096056
0.0   -5.93381751421839
0.0   -5.867390522733331
0.0   -3.6951267644762993
0.0   -6.000570272095501
0.0   -6.0450680842623115
0.0   -6.027265392243862
0.0   -6.0002489583566785
0.0   -5.933313376270235
0.0   -5.97750045824796
0.0   -5.918875440955162
0.0   -6.0079552214592695
1.0   -5.791378963273019
1.0   39.013419007882476
1.0   -2.833887591958046
1.0   2.1034018099308014
1.0   -5.737059202976525
1.0   28.852662324905396
1.0   7.12214058637619
1.0   -5.691527864895761
1.0   28.71938717365265
1.0   25.91165816783905
1.0   10.242471098899841
1.0   7.849351763725281
1.0   34.96665005013347
1.0   -5.955263095442206
1.0   38.86602460592985
1.0   24.719808280467987
1.0   7.3653241991996765
1.0   -4.878806099295616
1.0   -3.4432204365730286
1.0   -6.002729882020503
1.0   17.75837731361389
1.0   6.4366156458854675
1.0   9.243826985359192
1.0   11.737228870391846
1.0   -5.810324042104185
1.0   -5.937856436707079
1.0   10.75542801618576
1.0   14.872176766395569
1.0   9.384024381637573
1.0   33.75623622536659
1.0   -2.1384483501315117
1.0   14.113462507724762
1.0   42.543911376968026
1.0   49.99754758551717
1.0   6.184746742248535
1.0   21.446726441383362
1.0   18.912651643157005
1.0   -4.896572926081717
1.0   -5.6644918862730265
1.0   9.989525079727173
1.0   24.938896622508764
1.0   -2.1872873306274414
1.0   -5.349333066493273
1.0   4.026097297668457
1.0   35.95911318063736
1.0   -0.7025729417800903
1.0   -5.9451249511912465
1.0   -3.7729394286870956
1.0   36.08139905706048
1.0   4.880424469709396
1.0   6.431584358215332
1.0   27.007611008360982
1.0   17.690383940935135
1.0   27.878651052713394
1.0   35.875046372413635
1.0   17.220513224601746
1.0   11.703857064247131
1.0   0.3613959550857544
1.0   3.727780044078827
1.0   9.44545304775238
1.0   -5.775801667943597
1.0   -5.905174465849996
1.0   -5.799953908659518
1.0   -3.765642300248146
1.0   -5.839874881319702
1.0   6.115695357322693
1.0   19.23723602294922
1.0   -1.4708965755999088
1.0   7.543998658657074
1.0   -4.211307644844055
1.0   -3.485576592385769
1.0   -5.7252386668697
1.0   -4.908264266792685
1.0   0.5826399028301239
1.0   -5.362947471439838
1.0   -5.016799068078399
1.0   1.6672728955745697
1.0   -5.6963172517716885
1.0   -5.212526887655258
1.0   -5.399464718066156
1.0   -5.829257933422923
1.0   11.143482685089111
1.0   -5.860481943003833
1.0   -5.736010713968426
1.0   -5.260955512523651
1.0   -5.783274638000876
1.0   -1.802746832370758
1.0   -5.711048930883408
1.0   -1.3855679631233215
1.0   -5.8683106866665184
1.0   3.2977521419525146
1.0   -5.281951521523297
1.0   -5.605916278902441
1.0   36.342695735394955
1.0   -3.525962423533201
1.0   -0.75185626745224
1.0   -5.8849424216896296
1.0   -2.08875672519207
1.0   -5.753215417731553
