0.0   1.420876383781433
0.0   0.6202569901943207
0.0   1.0833319425582886
0.0   0.6812830865383148
0.0   0.8297079801559448
0.0   1.600000262260437
0.0   0.49357740581035614
0.0   0.6685367226600647
0.0   0.8602192401885986
0.0   0.6131752729415894
0.0   1.3301335275173187
0.0   0.6694348156452179
0.0   0.6815232038497925
0.0   3.052485764026642
0.0   0.688014030456543
0.0   0.7420155704021454
0.0   0.4728981554508209
0.0   0.7169257998466492
0.0   0.9106985926628113
0.0   1.6798418760299683
0.0   0.6022542119026184
0.0   0.894477516412735
0.0   0.7155888676643372
0.0   0.6359767913818359
0.0   0.8248750865459442
0.0   0.6864422857761383
0.0   1.010990172624588
0.0   0.45673489570617676
0.0   0.5876135528087616
0.0   0.4807880371809006
0.0   0.578975260257721
0.0   1.6467729210853577
0.0   0.46140873432159424
0.0   1.3915061950683594
0.0   0.7228113114833832
0.0   0.6573057472705841
0.0   0.6444877088069916
0.0   0.8731429278850555
0.0   0.5574507713317871
0.0   0.6509568393230438
1.0   93.0993881225586
1.0   43.51268994808197
1.0   54.88293659687042
1.0   69.16726994514465
1.0   41.61079794168472
1.0   37.89084315299988
1.0   72.81234741210938
1.0   99.76428639888763
1.0   78.76154172420502
1.0   29.64679390192032
1.0   49.20531275868416
1.0   88.39864087104797
1.0   20.893704369664192
1.0   55.88553082942963
1.0   35.49033600091934
1.0   28.540404826402664
1.0   37.933731988072395
1.0   66.5219053030014
1.0   45.032422721385956
1.0   74.60314637422562
1.0   41.95428252220154
1.0   59.577535808086395
1.0   50.75061881542206
1.0   55.73784667253494
1.0   48.29137626290321
1.0   48.538351982831955
1.0   33.45588967204094
1.0   47.450230717659
1.0   62.50391975045204
1.0   13.193334549665451
1.0   40.29489314556122
1.0   70.42152112722397
1.0   56.679178297519684
1.0   58.9811989068985
1.0   45.204916924238205
1.0   15.748621821403503
1.0   21.546906039118767
1.0   37.88807713985443
1.0   87.91208285093307
1.0   91.47630524635315
1.0   115.32537740468979
1.0   21.1735577583313
1.0   59.8723783493042
1.0   79.88709300756454
1.0   70.10227751731873
1.0   96.48211807012558
1.0   12.353921473026276
1.0   67.56685727834702
1.0   68.63776916265488
1.0   68.64078956842422
1.0   43.022189289331436
1.0   108.44906407594681
1.0   9.148779213428497
1.0   97.4492598772049
1.0   78.61314392089844
1.0   70.83018052577972
1.0   17.553458362817764
1.0   48.80646854639053
1.0   26.0786385089159
1.0   70.63299548625946
AUC-ROC: 1.0000, AUC-PR: 1.0000
0.0   -2.7025377601385117
0.0   -2.4013748429715633
0.0   -2.658778887242079
0.0   -2.6426153481006622
0.0   -2.670206882059574
0.0   -2.638239435851574
0.0   -2.669112056493759
0.0   -2.735139563679695
0.0   -2.5632330030202866
0.0   -2.5896668285131454
0.0   -2.5220876932144165
0.0   -2.4161388278007507
0.0   -2.619390681385994
0.0   -1.8858340084552765
0.0   -2.5272232964634895
0.0   -2.6235632449388504
0.0   -2.74305709451437
0.0   -2.609114520251751
0.0   -2.615726239979267
0.0   -2.4501820355653763
0.0   -2.630277581512928
0.0   -2.6386489048600197
0.0   -1.5155722126364708
0.0   -2.619674079120159
0.0   -2.610691547393799
0.0   -2.5821662098169327
0.0   -2.2893135473132133
0.0   -2.7084101885557175
0.0   -2.6929845958948135
0.0   -2.617750719189644
0.0   -2.696344405412674
0.0   -2.2828248143196106
0.0   -2.488624632358551
0.0   -2.614005133509636
0.0   -2.7198880091309547
0.0   -2.646599978208542
0.0   -2.73519916087389
0.0   -2.3946929574012756
0.0   -2.669433757662773
0.0   -2.702146016061306
1.0   42.14791947603226
1.0   21.946816444396973
1.0   29.524159729480743
1.0   22.149223566055298
1.0   28.470663338899612
1.0   25.58138969540596
1.0   29.94480985403061
1.0   33.58513817191124
1.0   30.619668781757355
1.0   28.654716730117798
1.0   36.93946307897568
1.0   40.25938540697098
1.0   7.515924572944641
1.0   27.833333291113377
1.0   8.518479526042938
1.0   10.144736528396606
1.0   24.421724557876587
1.0   15.68920385837555
1.0   20.98240226507187
1.0   30.62176162004471
1.0   34.081256210803986
1.0   16.581372380256653
1.0   39.46440416574478
1.0   16.279701709747314
1.0   36.66239106655121
1.0   11.92566967010498
1.0   11.0432990193367
1.0   38.62971377372742
1.0   38.051777482032776
1.0   5.568280100822449
1.0   28.966327488422394
1.0   32.982670187950134
1.0   25.479707837104797
1.0   40.62206292152405
1.0   31.355169892311096
1.0   4.914548635482788
1.0   9.703004717826843
1.0   29.535142958164215
1.0   39.99086284637451
1.0   36.993259966373444
1.0   46.88663774728775
1.0   13.98970365524292
1.0   26.74633479118347
1.0   26.876355528831482
1.0   30.2934248149395
1.0   40.890436351299286
1.0   3.329906463623047
1.0   33.856647312641144
1.0   27.05939644575119
1.0   31.327317714691162
1.0   17.51589423418045
1.0   33.8774648308754
1.0   8.885306119918823
1.0   39.62735319137573
1.0   28.477931827306747
1.0   32.8693123459816
1.0   8.911905765533447
1.0   19.270187318325043
1.0   11.537523031234741
1.0   26.895269811153412
AUC-ROC: 1.0000, AUC-PR: 1.0000
0.0   -5.6713088266551495
0.0   -5.243884928524494
0.0   -5.619468405842781
0.0   -5.550911672413349
0.0   -5.649603389203548
0.0   -5.66422401368618
0.0   -5.642910853028297
0.0   -5.516028955578804
0.0   -5.402301341295242
0.0   -5.359378524124622
0.0   -5.1022229716181755
0.0   -5.439869679510593
0.0   -5.351274244487286
0.0   -5.233588509261608
0.0   -5.4928561598062515
0.0   -5.518355123698711
0.0   -5.70146182179451
0.0   -5.590398445725441
0.0   -5.447962440550327
0.0   -4.894832469522953
0.0   -5.736159481108189
0.0   -5.288910761475563
0.0   -4.905998472124338
0.0   -5.640982963144779
0.0   -5.223329536616802
0.0   -5.274561814963818
0.0   -4.774863421916962
0.0   -5.741779126226902
0.0   -5.792712930589914
0.0   -5.689979203045368
0.0   -5.64226122200489
0.0   -5.2541891895234585
0.0   -5.606361970305443
0.0   -5.466466601938009
0.0   -5.662934210151434
0.0   -5.624080002307892
0.0   -5.797241874039173
0.0   -5.495787262916565
0.0   -5.668404467403889
0.0   -5.5751330852508545
1.0   39.90814298391342
1.0   36.03569144010544
1.0   26.02355170249939
1.0   27.150364503264427
1.0   26.874548196792603
1.0   28.5840722322464
1.0   29.910878688097
1.0   28.49331822991371
1.0   29.16641902923584
1.0   28.986725568771362
1.0   44.010036170482635
1.0   40.18527513742447
1.0   7.692168951034546
1.0   20.553440809249878
1.0   32.244655415415764
1.0   20.224912881851196
1.0   25.042074024677277
1.0   31.712274372577667
1.0   18.400397419929504
1.0   36.338361740112305
1.0   33.714951515197754
1.0   27.975330531597137
1.0   46.26868657767773
1.0   29.247277081012726
1.0   35.483065247535706
1.0   19.24398374557495
1.0   18.319048404693604
1.0   39.19421924650669
1.0   37.699557065963745
1.0   14.415724754333496
1.0   35.46747887134552
1.0   35.514475882053375
1.0   43.63036757707596
1.0   36.29066675901413
1.0   37.996854305267334
1.0   24.436551451683044
1.0   8.424428224563599
1.0   44.717551469802856
1.0   53.36407805979252
1.0   37.66085907816887
1.0   47.85036252439022
1.0   13.24928331375122
1.0   25.66565704345703
1.0   33.06854784488678
1.0   27.58982390165329
1.0   35.881674617528915
1.0   -4.030181147158146
1.0   24.60988461971283
1.0   23.248785257339478
1.0   24.358979761600494
1.0   12.072827219963074
1.0   38.9121855199337
1.0   -3.255398601293564
1.0   37.19387821853161
1.0   26.20004975795746
1.0   34.02976106107235
1.0   4.3068588972091675
1.0   14.184053659439087
1.0   9.351789712905884
1.0   27.85909867286682
AUC-ROC: 1.0000, AUC-PR: 1.0000
0.0   -5.743128802627325
0.0   -5.662460550665855
0.0   -5.655979309231043
0.0   -5.7429448291659355
0.0   -5.713361252099276
0.0   -5.710143320262432
0.0   -5.7268017791211605
0.0   -5.620978973805904
0.0   -5.67294155806303
0.0   -5.711891520768404
0.0   -5.711620893329382
0.0   -5.693371936678886
0.0   -5.659889802336693
0.0   -5.717312224209309
0.0   -5.705361232161522
0.0   -5.732505731284618
0.0   -5.769440811127424
0.0   -5.714443184435368
0.0   -5.715079225599766
0.0   -5.6548329293727875
0.0   -5.731903351843357
0.0   -5.71571522206068
0.0   -5.69287271797657
0.0   -5.775864392518997
0.0   -5.656591381877661
0.0   -5.731323450803757
0.0   -5.702136401087046
0.0   -5.7357127740979195
0.0   -5.728178221732378
0.0   -5.744069218635559
0.0   -5.739938110113144
0.0   -5.584402039647102
0.0   -5.7157590463757515
0.0   -5.7055356577038765
0.0   -5.739583812654018
0.0   -5.717707626521587
0.0   -5.717337891459465
0.0   -5.710167780518532
0.0   -5.755483482033014
0.0   -5.742555309087038
1.0   27.746692061424255
1.0   23.335346400737762
1.0   13.649541139602661
1.0   3.708457112312317
1.0   25.403160214424133
1.0   17.722892999649048
1.0   19.857697874307632
1.0   26.835938081145287
1.0   31.865492522716522
1.0   28.340475380420685
1.0   42.68165412545204
1.0   21.927747130393982
1.0   -4.922789566218853
1.0   15.057874083518982
1.0   -0.7297768592834473
1.0   1.0981278717517853
1.0   -0.5785294771194458
1.0   17.551984071731567
1.0   6.248873233795166
1.0   32.83176243305206
1.0   22.96688735485077
1.0   10.663892984390259
1.0   17.619901180267334
1.0   9.327492594718933
1.0   15.296842098236084
1.0   1.1960954666137695
1.0   5.527304410934448
1.0   18.143359184265137
1.0   32.59510987997055
1.0   2.860539197921753
1.0   31.573695421218872
1.0   29.037233710289
1.0   44.40202432870865
1.0   33.404635190963745
1.0   31.179904222488403
1.0   9.774355411529541
1.0   -0.07834488153457642
1.0   29.533219695091248
1.0   36.799066960811615
1.0   38.16783928871155
1.0   58.133348524570465
1.0   1.217593789100647
1.0   14.606712341308594
1.0   36.504288733005524
1.0   18.258406102657318
1.0   29.913236677646637
1.0   -5.6803221851587296
1.0   20.009274542331696
1.0   17.802289605140686
1.0   21.502619743347168
1.0   1.3846511840820312
1.0   35.80705976486206
1.0   -5.505884889513254
1.0   29.6025952398777
1.0   20.910424947738647
1.0   24.062882840633392
1.0   -2.426506847143173
1.0   6.97443163394928
1.0   5.403074741363525
1.0   17.94910317659378
AUC-ROC: 0.9967, AUC-PR: 0.9980
0.0   -5.368077635765076
0.0   -5.204358205199242
0.0   -5.271793957799673
0.0   -5.3383150063455105
0.0   -5.331236608326435
0.0   -5.2672852501273155
0.0   -5.345172479748726
0.0   -5.2298561073839664
0.0   -5.2306464575231075
0.0   -5.323542378842831
0.0   -5.274189107120037
0.0   -5.2818260714411736
0.0   -5.249146789312363
0.0   -5.054568760097027
0.0   -5.277040857821703
0.0   -5.340819697827101
0.0   -5.388907976448536
0.0   -5.365806333720684
0.0   -5.241156347095966
0.0   -5.20713297277689
0.0   -5.343056499958038
0.0   -5.343436509370804
0.0   -5.331120505928993
0.0   -5.372347112745047
0.0   -5.239723116159439
0.0   -5.372890170663595
0.0   -5.3003837913274765
0.0   -5.351552926003933
0.0   -5.3262777999043465
0.0   -5.34374962747097
0.0   -5.346081398427486
0.0   -5.197868585586548
0.0   -5.330614246428013
0.0   -5.341350581496954
0.0   -5.354271166026592
0.0   -5.331435844302177
0.0   -5.311464473605156
0.0   -5.2682985961437225
0.0   -5.3160994201898575
0.0   -5.347445644438267
1.0   51.291374519467354
1.0   40.57181417196989
1.0   31.93838359415531
1.0   42.518033154308796
1.0   35.526509553194046
1.0   38.24135165475309
1.0   53.42876860499382
1.0   51.68507969379425
1.0   42.791966147720814
1.0   33.630213022232056
1.0   53.942942559719086
1.0   51.40498235821724
1.0   19.546292781829834
1.0   31.370220974087715
1.0   55.89804868772626
1.0   27.476506233215332
1.0   44.06680477038026
1.0   41.45999003946781
1.0   29.586381375789642
1.0   45.2450108230114
1.0   40.390797547996044
1.0   49.86499559134245
1.0   55.31831895560026
1.0   38.61670484393835
1.0   52.442338705062866
1.0   35.71549202501774
1.0   26.539452761411667
1.0   51.9107618406415
1.0   46.89239700138569
1.0   23.782995223999023
1.0   41.15886229276657
1.0   41.7695130109787
1.0   46.32668890058994
1.0   45.80021792650223
1.0   48.382707722485065
1.0   24.847776174545288
1.0   11.815494060516357
1.0   46.68115617334843
1.0   64.9724328815937
1.0   46.30588025972247
1.0   58.9483425244689
1.0   3.078579306602478
1.0   31.935609877109528
1.0   40.628313951194286
1.0   39.01269222050905
1.0   49.20457496494055
1.0   -0.46930575370788574
1.0   37.62295615673065
1.0   33.1333529278636
1.0   39.38538680225611
1.0   26.653163637965918
1.0   50.01582084596157
1.0   -0.14021843671798706
1.0   52.09558875113726
1.0   36.536603190004826
1.0   45.15779934450984
1.0   14.467169404029846
1.0   24.269334763288498
1.0   15.67753291130066
1.0   35.320476615801454
AUC-ROC: 1.0000, AUC-PR: 1.0000
0.0   -5.223975379019976
0.0   -5.133475570008159
0.0   -5.17564782500267
0.0   -5.210645917803049
0.0   -5.214559864252806
0.0   -5.179443642497063
0.0   -5.157883919775486
0.0   -5.152329318225384
0.0   -5.130513412877917
0.0   -5.175790712237358
0.0   -5.065301556140184
0.0   -5.073355471715331
0.0   -5.059224348515272
0.0   -5.092192595824599
0.0   -4.7237812243402
0.0   -5.171509625390172
0.0   -5.243650574237108
0.0   -5.193379860371351
0.0   -5.041439421474934
0.0   -5.094795556738973
0.0   -5.20565408654511
0.0   -5.212749250233173
0.0   -4.938169300556183
0.0   -5.237773831933737
0.0   -5.0264450535178185
0.0   -5.227406470105052
0.0   -5.072942456230521
0.0   -5.200111236423254
0.0   -5.17286373116076
0.0   -5.195453133434057
0.0   -5.206960678100586
0.0   -4.89832897298038
0.0   -5.162288518622518
0.0   -5.161490762606263
0.0   -5.23789319396019
0.0   -5.186952641233802
0.0   -5.20785604044795
0.0   -5.127262489870191
0.0   -5.199604216963053
0.0   -5.222977001219988
1.0   48.84372225403786
1.0   39.81222382187843
1.0   28.955405667424202
1.0   43.01819398999214
1.0   42.080400601029396
1.0   41.287238985300064
1.0   45.88247826695442
1.0   43.42690813541412
1.0   33.135709911584854
1.0   29.801930606365204
1.0   49.106059446930885
1.0   44.390138536691666
1.0   29.952263168990612
1.0   25.035481616854668
1.0   44.66205245256424
1.0   26.185690343379974
1.0   37.126978784799576
1.0   34.201928943395615
1.0   16.123708724975586
1.0   41.7824932038784
1.0   37.921722650527954
1.0   41.16269153356552
1.0   43.86172465980053
1.0   32.110535472631454
1.0   41.03093868494034
1.0   27.074943155050278
1.0   21.809690237045288
1.0   36.75225430727005
1.0   36.36627899110317
1.0   24.593179047107697
1.0   35.681685090065
1.0   35.75011558830738
1.0   42.37426368147135
1.0   40.71914944052696
1.0   36.28131125867367
1.0   22.257097721099854
1.0   7.046652317047119
1.0   42.31689290702343
1.0   54.27592606842518
1.0   35.066717743873596
1.0   48.73142598569393
1.0   5.451640248298645
1.0   34.602534018456936
1.0   31.387520372867584
1.0   30.21843048930168
1.0   33.49213770031929
1.0   0.44802355766296387
1.0   27.800108775496483
1.0   25.870400696992874
1.0   29.565264880657196
1.0   22.650018006563187
1.0   39.96460744738579
1.0   0.43428677320480347
1.0   38.34541988372803
1.0   28.71933740377426
1.0   36.52729369699955
1.0   17.8124942779541
1.0   23.255766093730927
1.0   12.003308057785034
1.0   37.90504062175751
AUC-ROC: 1.0000, AUC-PR: 1.0000
0.0   -5.656627491116524
0.0   -5.554311692714691
0.0   -5.565934456884861
0.0   -5.6200765408575535
0.0   -5.595375508069992
0.0   -5.603844549506903
0.0   -5.619046622887254
0.0   -5.580466046929359
0.0   -5.554659830406308
0.0   -5.581521140411496
0.0   -5.637110530398786
0.0   -5.544719956815243
0.0   -5.562657641246915
0.0   -5.49249951262027
0.0   -5.592240354977548
0.0   -5.5385364992544055
0.0   -5.6423304826021194
0.0   -5.641875857487321
0.0   -5.6121905744075775
0.0   -5.570330232381821
0.0   -5.62629934027791
0.0   -5.588412533514202
0.0   -5.564648434519768
0.0   -5.648668212816119
0.0   -5.43258161097765
0.0   -5.61273617297411
0.0   -5.596695818006992
0.0   -5.603855901397765
0.0   -5.633655491285026
0.0   -5.618107297457755
0.0   -5.621375732123852
0.0   -5.520424924790859
0.0   -5.659898279234767
0.0   -5.6160676293075085
0.0   -5.627396374940872
0.0   -5.606368090957403
0.0   -5.6285515204072
0.0   -5.52188250888139
0.0   -5.60369385778904
0.0   -5.639064194634557
1.0   32.70397210121155
1.0   30.08436280488968
1.0   23.722126681357622
1.0   28.102110289037228
1.0   25.73277336359024
1.0   20.883019093424082
1.0   34.931425757706165
1.0   34.33851680904627
1.0   31.618686124682426
1.0   26.917477548122406
1.0   38.22516693174839
1.0   31.332740120589733
1.0   1.371717095375061
1.0   18.62511396408081
1.0   33.92580970004201
1.0   20.768825232982635
1.0   29.649639204144478
1.0   28.88315051794052
1.0   14.135891914367676
1.0   33.08534616231918
1.0   36.144656490534544
1.0   28.0532106757164
1.0   40.58830849826336
1.0   25.8349729180336
1.0   33.740131825208664
1.0   18.856327652931213
1.0   17.99825930595398
1.0   38.661134496331215
1.0   29.967767238616943
1.0   12.283067226409912
1.0   25.411391019821167
1.0   24.54424124956131
1.0   26.836738646030426
1.0   28.836301863193512
1.0   34.331803154200315
1.0   13.281790256500244
1.0   8.69862973690033
1.0   26.821237802505493
1.0   38.63851644098759
1.0   27.493828058242798
1.0   34.48542496562004
1.0   1.0020335912704468
1.0   27.6583431661129
1.0   22.864049017429352
1.0   27.568086121231318
1.0   33.05164381861687
1.0   -4.77513761818409
1.0   31.261075660586357
1.0   22.38969948887825
1.0   28.86472687497735
1.0   17.606643229722977
1.0   36.50448014214635
1.0   -4.684328716248274
1.0   34.77578051388264
1.0   28.533986818045378
1.0   30.03650688380003
1.0   2.1324408054351807
1.0   21.641456484794617
1.0   12.80282461643219
1.0   31.362885989248753
AUC-ROC: 1.0000, AUC-PR: 1.0000
0.0   -5.295241307467222
0.0   -5.23560656607151
0.0   -5.226598557084799
0.0   -5.146447353065014
0.0   -5.1975284814834595
0.0   -5.0252865850925446
0.0   -5.293404811993241
0.0   -5.190013598650694
0.0   -4.129968769848347
0.0   -5.284081786870956
0.0   -4.838840574026108
0.0   -5.213553961366415
0.0   -5.078811950981617
0.0   -5.2346778977662325
0.0   -4.790940027683973
0.0   -5.215606205165386
0.0   -5.213097225874662
0.0   -5.315698502585292
0.0   -4.889472559094429
0.0   -5.0519792921841145
0.0   -5.322347430512309
0.0   -5.2433789651840925
0.0   -4.740490287542343
0.0   -5.332058656960726
0.0   -5.224619287997484
0.0   -5.240234984084964
0.0   -5.057444620877504
0.0   -5.29116035066545
0.0   -5.300421364605427
0.0   -5.306861719116569
0.0   -5.264374420046806
0.0   -5.180164735764265
0.0   -5.262701231986284
0.0   -5.233146263286471
0.0   -5.240177012979984
0.0   -5.290637630969286
0.0   -5.242402222007513
0.0   -5.240628533065319
0.0   -4.988080345094204
0.0   -5.34552220441401
1.0   40.09447736106813
1.0   29.69234062731266
1.0   27.613026569131762
1.0   33.0180509313941
1.0   38.26217148452997
1.0   38.47716496139765
1.0   50.21428242325783
1.0   50.41923511773348
1.0   40.63319017086178
1.0   30.59420558065176
1.0   42.329727698117495
1.0   40.34664362668991
1.0   12.36517882347107
1.0   30.487410470843315
1.0   39.88671563193202
1.0   40.686199728399515
1.0   31.002392143011093
1.0   34.632534351199865
1.0   24.371538817882538
1.0   37.29406841099262
1.0   36.692597325891256
1.0   44.43169829249382
1.0   36.19460063800216
1.0   28.64915208518505
1.0   31.52223700284958
1.0   24.00488029420376
1.0   29.634082816541195
1.0   36.122309509664774
1.0   37.121358063071966
1.0   18.41449737548828
1.0   31.146689116954803
1.0   28.319876223802567
1.0   34.20679307729006
1.0   29.6859193444252
1.0   33.77439155988395
1.0   18.588141322135925
1.0   7.633960723876953
1.0   33.04761128127575
1.0   48.54075627028942
1.0   34.79175206273794
1.0   41.3214031085372
1.0   3.8966153860092163
1.0   26.186249490827322
1.0   30.052790969610214
1.0   42.25526300817728
1.0   44.26974330097437
1.0   7.021496534347534
1.0   41.002192825078964
1.0   35.36816743761301
1.0   40.056888960301876
1.0   28.18417378142476
1.0   51.444415763020515
1.0   10.026370525360107
1.0   48.97737102210522
1.0   36.961565777659416
1.0   45.85726411640644
1.0   11.648028373718262
1.0   26.770715955644846
1.0   19.46914839744568
1.0   43.15826977044344
AUC-ROC: 1.0000, AUC-PR: 1.0000
0.0   -4.715937518514693
0.0   -4.9896495239809155
0.0   -4.900149153545499
0.0   -1.6070837005972862
0.0   -1.7384402453899384
0.0   13.324263453483582
0.0   -5.205321399495006
0.0   -4.6498093865811825
0.0   13.088278234004974
0.0   -5.162451136857271
0.0   5.895505785942078
0.0   -5.125304968096316
0.0   5.8074454963207245
0.0   -5.134106559678912
0.0   -5.172708969563246
0.0   2.562326118350029
0.0   -5.223717324435711
0.0   -5.236156152561307
0.0   -5.079396199434996
0.0   -1.8118540570139885
0.0   -5.188712392002344
0.0   -5.195448135957122
0.0   -5.146959329023957
0.0   -5.141345443204045
0.0   -5.171605654060841
0.0   -5.230870890431106
0.0   -5.013692785054445
0.0   -5.195290848612785
0.0   -5.187393642961979
0.0   -5.218608982861042
0.0   -5.222874511033297
0.0   -5.097599141299725
0.0   -5.2241842821240425
0.0   -5.208826318383217
0.0   -5.195422003045678
0.0   -5.207688400521874
0.0   -5.144802957773209
0.0   -5.174499779008329
0.0   -5.2180946953594685
0.0   -5.226701875217259
1.0   49.69697517156601
1.0   36.88099831342697
1.0   29.800188586115837
1.0   47.04588019475341
1.0   46.897354893386364
1.0   50.48659094423056
1.0   46.04605371505022
1.0   52.65280431881547
1.0   44.429716888815165
1.0   33.754148095846176
1.0   58.34381105564535
1.0   43.96633656695485
1.0   8.186719059944153
1.0   41.017787205055356
1.0   39.5652936026454
1.0   32.42776318639517
1.0   27.869306817650795
1.0   49.19657326489687
1.0   39.54006948880851
1.0   46.3954547457397
1.0   39.74612660333514
1.0   53.615920351818204
1.0   33.1141824349761
1.0   39.66750790551305
1.0   27.4074909389019
1.0   36.83956004679203
1.0   18.576456427574158
1.0   42.8081977693364
1.0   57.15972899924964
1.0   37.89721255004406
1.0   50.27845721691847
1.0   52.7611815193668
1.0   65.59566562995315
1.0   50.08090552687645
1.0   47.813215769827366
1.0   38.50501096248627
1.0   31.02405170351267
1.0   54.77765269950032
1.0   68.53471399331465
1.0   57.71329390164465
1.0   65.03307595197111
1.0   24.445071816444397
1.0   42.280469458550215
1.0   51.11425719410181
1.0   46.16106627136469
1.0   40.91455037519336
1.0   6.612462997436523
1.0   51.65752501040697
1.0   47.116040762513876
1.0   44.90207654424012
1.0   39.99792339652777
1.0   60.84151993319392
1.0   28.032479763031006
1.0   49.4942708844319
1.0   46.87710091099143
1.0   53.75170489028096
1.0   23.422750651836395
1.0   45.597611719276756
1.0   35.780005380511284
1.0   57.06184195354581
AUC-ROC: 0.9983, AUC-PR: 0.9989
0.0   -5.399037586525083
0.0   -5.3430685345083475
0.0   -5.321092175319791
0.0   -5.396170931868255
0.0   -5.384833408519626
0.0   -5.329650159925222
0.0   -5.397247260436416
0.0   -5.388539416715503
0.0   -5.31439998652786
0.0   -5.3755216635763645
0.0   -5.417892251163721
0.0   -5.358102580532432
0.0   -5.321726201102138
0.0   -5.360856368206441
0.0   -5.3844529669731855
0.0   -5.348649471998215
0.0   -5.426772222854197
0.0   -5.4159110421314836
0.0   -5.3949647741392255
0.0   -5.366054364480078
0.0   -5.394971013069153
0.0   -5.420196471735835
0.0   -5.380133913829923
0.0   -5.41947939991951
0.0   -5.4067756393924356
0.0   -5.447780683636665
0.0   -5.359087726101279
0.0   -5.406560172326863
0.0   -5.406897695735097
0.0   -5.400174152106047
0.0   -5.435757807455957
0.0   -5.345974391326308
0.0   -5.419147822074592
0.0   -5.401772320270538
0.0   -5.4102590046823025
0.0   -5.370339069515467
0.0   -5.405117788352072
0.0   -5.391799114644527
0.0   -5.433548644185066
0.0   -5.440561503171921
1.0   60.32815679907799
1.0   56.65483123064041
1.0   37.74467635154724
1.0   53.183880895376205
1.0   49.625563159585
1.0   49.76204253733158
1.0   62.96226930618286
1.0   62.532069474458694
1.0   45.525348246097565
1.0   40.083783470094204
1.0   62.73934994637966
1.0   57.793965861201286
1.0   30.085526823997498
1.0   28.156724393367767
1.0   51.42061588168144
1.0   7.422322034835815
1.0   45.99147184193134
1.0   32.20307648181915
1.0   7.52656352519989
1.0   25.82650351524353
1.0   56.41677150130272
1.0   27.903433084487915
1.0   60.77216528356075
1.0   27.528151631355286
1.0   58.9899640083313
1.0   24.043573141098022
1.0   -4.159043971449137
1.0   64.3199910223484
1.0   19.16146492958069
1.0   15.439359784126282
1.0   31.020983576774597
1.0   44.36423736810684
1.0   40.46702882647514
1.0   46.85997359454632
1.0   53.524325996637344
1.0   18.052100658416748
1.0   4.933586478233337
1.0   34.45636606216431
1.0   53.56421612203121
1.0   43.70163747668266
1.0   55.30885399878025
1.0   0.10433661937713623
1.0   35.44133357703686
1.0   39.37771113216877
1.0   35.58324268460274
1.0   46.07203143835068
1.0   0.37232232093811035
1.0   43.376369550824165
1.0   27.439408391714096
1.0   44.118999764323235
1.0   30.568908601999283
1.0   55.20189046859741
1.0   2.7724952697753906
1.0   45.91746760904789
1.0   33.21634429693222
1.0   42.63992150127888
1.0   16.32608723640442
1.0   30.082961454987526
1.0   11.892625391483307
1.0   42.23916772007942
AUC-ROC: 1.0000, AUC-PR: 1.0000
0.0   -5.4535637851804495
0.0   -5.417717607691884
0.0   -5.39125937409699
0.0   -5.469443576410413
0.0   -5.458371418528259
0.0   -5.39540131110698
0.0   -5.472180375829339
0.0   -5.457300970330834
0.0   -5.3957878369838
0.0   -5.451769730076194
0.0   -5.4824509005993605
0.0   -5.428932890295982
0.0   -5.391587811522186
0.0   -5.430415958166122
0.0   -5.454630824737251
0.0   -5.422762551344931
0.0   -5.507219727151096
0.0   -5.500079620629549
0.0   -5.462798736989498
0.0   -5.426669499836862
0.0   -5.468118766322732
0.0   -5.49370080139488
0.0   -5.454264651983976
0.0   -5.497130531817675
0.0   -5.481410460546613
0.0   -5.515168123878539
0.0   -5.435624093748629
0.0   -5.480902776122093
0.0   -5.473521258682013
0.0   -5.468680575489998
0.0   -5.515923545695841
0.0   -5.4000255558639765
0.0   -5.495604362338781
0.0   -5.472881890833378
0.0   -5.488481881096959
0.0   -5.463833378627896
0.0   -5.477600706741214
0.0   -5.46364676579833
0.0   -5.503639463335276
0.0   -5.513495534658432
1.0   54.74283379688859
1.0   54.04636422730982
1.0   36.825897586066276
1.0   50.116615537554026
1.0   45.21950786188245
1.0   47.132018215954304
1.0   57.197088327258825
1.0   58.29607582092285
1.0   43.36071887612343
1.0   42.14828245341778
1.0   59.316113479435444
1.0   56.608491998165846
1.0   31.719619378447533
1.0   29.969838969409466
1.0   53.01614831201732
1.0   13.442403674125671
1.0   49.35837854631245
1.0   34.30272686481476
1.0   9.881385564804077
1.0   26.788166761398315
1.0   57.44547555036843
1.0   32.02885818481445
1.0   62.797468300908804
1.0   30.978019952774048
1.0   59.6409912109375
1.0   26.856450617313385
1.0   -3.011661723256111
1.0   63.26374374702573
1.0   20.533431708812714
1.0   16.476030945777893
1.0   31.209291458129883
1.0   43.697331219911575
1.0   38.14840812981129
1.0   46.18024589121342
1.0   52.44981860369444
1.0   17.790828943252563
1.0   4.938569784164429
1.0   33.88578951358795
1.0   52.20842461660504
1.0   42.26722822710872
1.0   51.718025628477335
1.0   -0.5812049508094788
1.0   35.88405903428793
1.0   36.82792649790645
1.0   36.58832439593971
1.0   46.85460226237774
1.0   0.4248252809047699
1.0   42.261112965643406
1.0   25.71972607821226
1.0   44.64195499941707
1.0   33.14789834432304
1.0   54.037881553173065
1.0   1.3044955134391785
1.0   46.66218364238739
1.0   32.32460191473365
1.0   43.974183704704046
1.0   9.906269073486328
1.0   27.52021912112832
1.0   10.799508452415466
1.0   37.033258963376284
AUC-ROC: 1.0000, AUC-PR: 1.0000
0.0   -5.370815904811025
0.0   -5.33492298796773
0.0   -5.314462348818779
0.0   -5.384801393374801
0.0   -5.372816700488329
0.0   -5.310126634314656
0.0   -5.3979378109797835
0.0   -5.381927289068699
0.0   -5.304336428642273
0.0   -5.37961435969919
0.0   -5.405027773231268
0.0   -5.349343886598945
0.0   -5.308711336925626
0.0   -5.354816464707255
0.0   -5.374416921287775
0.0   -5.346993383020163
0.0   -5.430952545255423
0.0   -5.427765266038477
0.0   -5.388707401230931
0.0   -5.343250211328268
0.0   -5.394811609759927
0.0   -5.419400852173567
0.0   -5.3808272164314985
0.0   -5.4195200726389885
0.0   -5.409455180168152
0.0   -5.440502096898854
0.0   -5.359441692009568
0.0   -5.404619567096233
0.0   -5.402511968277395
0.0   -5.396007985807955
0.0   -5.4399633556604385
0.0   -5.321444753557444
0.0   -5.421959452331066
0.0   -5.403403747826815
0.0   -5.411902837455273
0.0   -5.3937006909400225
0.0   -5.405841654166579
0.0   -5.390433963388205
0.0   -5.427683133631945
0.0   -5.435375466011465
1.0   54.19361316785216
1.0   53.2987214140594
1.0   37.40255468711257
1.0   49.96764343418181
1.0   44.47149005532265
1.0   45.262797359377146
1.0   54.5360643863678
1.0   58.02279683947563
1.0   42.96135992370546
1.0   43.33825191669166
1.0   59.91249151621014
1.0   56.03853161633015
1.0   32.52222155034542
1.0   31.413225635886192
1.0   51.85582783445716
1.0   14.841002583503723
1.0   49.05766620486975
1.0   31.652718484401703
1.0   8.895101547241211
1.0   26.96615421772003
1.0   58.40868575684726
1.0   30.66224855184555
1.0   60.71530621871352
1.0   28.59244191646576
1.0   57.693922551348805
1.0   24.311220169067383
1.0   -2.2086291909217834
1.0   64.53509607538581
1.0   19.3082412481308
1.0   16.332874417304993
1.0   30.1585111618042
1.0   42.86041796579957
1.0   39.88454192876816
1.0   46.26745730265975
1.0   51.6097628576681
1.0   16.39836597442627
1.0   6.329850792884827
1.0   33.1230810880661
1.0   52.22942594019696
1.0   42.92393669113517
1.0   53.24280561506748
1.0   -0.4130937457084656
1.0   36.25890135578811
1.0   37.59829507023096
1.0   34.41091767325997
1.0   44.72469022497535
1.0   -0.3344244956970215
1.0   39.77292034775019
1.0   26.597614593803883
1.0   42.098336706869304
1.0   29.51651456952095
1.0   53.50624882988632
1.0   0.5824859142303467
1.0   44.81153222359717
1.0   30.049480248242617
1.0   42.92176561616361
1.0   12.37762975692749
1.0   26.927123244851828
1.0   10.933085083961487
1.0   36.762026842683554
AUC-ROC: 1.0000, AUC-PR: 1.0000
0.0   -5.402710344642401
0.0   -5.3525145296007395
0.0   -5.345707316882908
0.0   -5.404224730096757
0.0   -5.39333850890398
0.0   -5.32543630618602
0.0   -5.424523200839758
0.0   -5.40741497091949
0.0   -5.317074021324515
0.0   -5.4008158054202795
0.0   -5.432959342375398
0.0   -5.374429674819112
0.0   -5.325367024168372
0.0   -5.37291843444109
0.0   -5.387494480237365
0.0   -5.367074287496507
0.0   -5.455988180823624
0.0   -5.445489952340722
0.0   -5.410550659522414
0.0   -5.3584946021437645
0.0   -5.418444508686662
0.0   -5.442124217748642
0.0   -5.399183111265302
0.0   -5.444153635762632
0.0   -5.429803915321827
0.0   -5.457650646567345
0.0   -5.381356747820973
0.0   -5.42853332310915
0.0   -5.426795310340822
0.0   -5.423357340507209
0.0   -5.464624114334583
0.0   -5.336244896054268
0.0   -5.4431639621034265
0.0   -5.424258466809988
0.0   -5.4395099533721805
0.0   -5.4157290533185005
0.0   -5.430414341390133
0.0   -5.416273827664554
0.0   -5.453870647586882
0.0   -5.460254600271583
1.0   55.35810278914869
1.0   53.380787240341306
1.0   42.35417080298066
1.0   52.95356583595276
1.0   46.576615534722805
1.0   50.53846152871847
1.0   54.73994203098118
1.0   55.307835289277136
1.0   39.36613180395216
1.0   44.830819860100746
1.0   58.24631856381893
1.0   52.51195428520441
1.0   37.29409122094512
1.0   31.87236504815519
1.0   53.68261604011059
1.0   22.165473327040672
1.0   50.90384938567877
1.0   35.32022777199745
1.0   13.140392780303955
1.0   32.58593964576721
1.0   58.85716255940497
1.0   39.1116398870945
1.0   61.91674631088972
1.0   32.707660019397736
1.0   57.60305842757225
1.0   25.791606068611145
1.0   3.1468759775161743
1.0   60.99419643357396
1.0   22.619818210601807
1.0   20.519124388694763
1.0   34.43400281667709
1.0   44.495316702872515
1.0   37.49476397037506
1.0   46.10536224767566
1.0   48.93860149383545
1.0   18.908693552017212
1.0   7.996861696243286
1.0   36.90499943494797
1.0   53.44450926780701
1.0   42.10330532863736
1.0   48.96478221192956
1.0   2.3282198905944824
1.0   40.260548341088
1.0   34.76076361909509
1.0   33.704058109782636
1.0   41.90405167452991
1.0   0.8677158951759338
1.0   35.30722129251808
1.0   22.900571666657925
1.0   40.528951205313206
1.0   32.19049037899822
1.0   49.106848031282425
1.0   3.954707622528076
1.0   41.7372414637357
1.0   26.68885242473334
1.0   40.39066272601485
1.0   13.788923382759094
1.0   23.790031101554632
1.0   9.03567922115326
1.0   32.76307914964855
AUC-ROC: 1.0000, AUC-PR: 1.0000
0.0   -5.591808321885765
0.0   -5.531918101711199
0.0   -5.520575635368004
0.0   -5.584345438051969
0.0   -5.570460717193782
0.0   -5.53303178306669
0.0   -5.578859578585252
0.0   -5.561819207854569
0.0   -5.541936294408515
0.0   -5.555828869342804
0.0   -5.597914136946201
0.0   -5.535583266988397
0.0   -5.510042109992355
0.0   -5.538929667789489
0.0   -5.5421227011829615
0.0   -5.5337253210600466
0.0   -5.614005964482203
0.0   -5.60041154269129
0.0   -5.566450701095164
0.0   -5.532890884205699
0.0   -5.571789542213082
0.0   -5.594556707888842
0.0   -5.5565889636054635
0.0   -5.606205078307539
0.0   -5.586868632119149
0.0   -5.607577397255227
0.0   -5.544342490145937
0.0   -5.583151250844821
0.0   -5.5757812494412065
0.0   -5.575012703891844
0.0   -5.614270645193756
0.0   -5.502169021172449
0.0   -5.5984657884109765
0.0   -5.576911161886528
0.0   -5.594081333838403
0.0   -5.570434569148347
0.0   -5.584758117329329
0.0   -5.5720336467493325
0.0   -5.606618969235569
0.0   -5.619171583326533
1.0   56.42941835895181
1.0   54.50503143994138
1.0   44.02961765602231
1.0   54.863118356093764
1.0   47.42748117260635
1.0   51.15024015773088
1.0   56.28656227886677
1.0   56.768727112561464
1.0   41.65363614447415
1.0   43.460985872894526
1.0   55.7984890434891
1.0   53.28160225600004
1.0   35.49687937833369
1.0   31.51919036358595
1.0   52.64418311044574
1.0   22.562596544623375
1.0   49.2073387671262
1.0   34.10376125574112
1.0   10.79647707939148
1.0   31.721256732940674
1.0   56.75016910023987
1.0   35.677607744932175
1.0   61.31716540409252
1.0   31.29926037788391
1.0   56.650988433510065
1.0   25.730850219726562
1.0   1.0643335580825806
1.0   62.633267369586974
1.0   22.201068222522736
1.0   17.23721969127655
1.0   31.08104181289673
1.0   41.482900485396385
1.0   38.343808725476265
1.0   44.97159005701542
1.0   47.992400337941945
1.0   16.953589916229248
1.0   6.772873401641846
1.0   34.73022770881653
1.0   51.43581946566701
1.0   42.94710758328438
1.0   50.48360520321876
1.0   1.1660902500152588
1.0   39.585346303880215
1.0   35.62826929986477
1.0   31.442315310239792
1.0   39.50002326257527
1.0   -0.736695408821106
1.0   35.341402692720294
1.0   23.547515869140625
1.0   38.057021947577596
1.0   26.68616103939712
1.0   48.48888107948005
1.0   -0.7102537155151367
1.0   40.950546415522695
1.0   27.214219640940428
1.0   39.85963841248304
1.0   12.874900579452515
1.0   24.530219174921513
1.0   8.80464243888855
1.0   33.50826754234731
AUC-ROC: 1.0000, AUC-PR: 1.0000
0.0   -5.513747658580542
0.0   -5.456795286387205
0.0   -5.44872216321528
0.0   -5.510160841047764
0.0   -5.50092132948339
0.0   -5.461053883656859
0.0   -5.505577662959695
0.0   -5.488345619291067
0.0   -5.465807555243373
0.0   -5.480269353836775
0.0   -5.525878788903356
0.0   -5.458363285288215
0.0   -5.434195406734943
0.0   -5.463413482531905
0.0   -5.466769469901919
0.0   -5.4581714905798435
0.0   -5.540069108828902
0.0   -5.525429643690586
0.0   -5.493373638018966
0.0   -5.4611424040049314
0.0   -5.499720826745033
0.0   -5.5235747545957565
0.0   -5.481196058914065
0.0   -5.531038075685501
0.0   -5.508915368467569
0.0   -5.535322507843375
0.0   -5.468852806836367
0.0   -5.508131154812872
0.0   -5.506676290184259
0.0   -5.50312914699316
0.0   -5.54236837849021
0.0   -5.426731763407588
0.0   -5.524815957993269
0.0   -5.5036745965480804
0.0   -5.5234389109537005
0.0   -5.499342266470194
0.0   -5.511007059365511
0.0   -5.496364088729024
0.0   -5.532430004328489
0.0   -5.545510722324252
1.0   51.86094117257744
1.0   47.33761831745505
1.0   39.2775021372363
1.0   49.135300574824214
1.0   40.510978798381984
1.0   48.02478197682649
1.0   54.6926258597523
1.0   55.6530872201547
1.0   45.58638043142855
1.0   45.125397010706365
1.0   56.220301379449666
1.0   56.80574711225927
1.0   38.383541816845536
1.0   35.753416769206524
1.0   56.85413187928498
1.0   25.774799019098282
1.0   52.169593437574804
1.0   36.48482608795166
1.0   11.967128276824951
1.0   33.802244663238525
1.0   58.151508868671954
1.0   38.13817819952965
1.0   64.7069004336372
1.0   34.61521205306053
1.0   60.57482486683875
1.0   29.679564118385315
1.0   3.0666985511779785
1.0   65.34655011072755
1.0   24.578633785247803
1.0   18.671366333961487
1.0   32.99369955062866
1.0   43.2208646312356
1.0   39.01338787376881
1.0   46.28953565657139
1.0   51.05457295849919
1.0   18.604334831237793
1.0   8.215585947036743
1.0   36.840275287628174
1.0   53.52961153537035
1.0   45.071203391999006
1.0   50.941373844631016
1.0   1.5137368440628052
1.0   39.67679529450834
1.0   36.73229109495878
1.0   36.479215249884874
1.0   44.859445724636316
1.0   0.25123605132102966
1.0   39.9105665050447
1.0   27.067495718598366
1.0   42.31128293927759
1.0   30.797720035538077
1.0   54.27704245969653
1.0   0.9737628698348999
1.0   46.213048223406076
1.0   31.70900523662567
1.0   45.434797995723784
1.0   14.00672996044159
1.0   25.573972586542368
1.0   9.790222227573395
1.0   37.02685777563602
AUC-ROC: 1.0000, AUC-PR: 1.0000
0.0   -5.572288380935788
0.0   -5.518777762539685
0.0   -5.5072642443701625
0.0   -5.568147719837725
0.0   -5.562173856422305
0.0   -5.519279854372144
0.0   -5.562045103870332
0.0   -5.54180892277509
0.0   -5.521146732382476
0.0   -5.534977610688657
0.0   -5.58320783264935
0.0   -5.516795601695776
0.0   -5.483937222510576
0.0   -5.524093773216009
0.0   -5.508253445848823
0.0   -5.5123436083085835
0.0   -5.596507829148322
0.0   -5.582404835149646
0.0   -5.549719523638487
0.0   -5.524012355599552
0.0   -5.556446506641805
0.0   -5.579001545906067
0.0   -5.533517133444548
0.0   -5.588349883444607
0.0   -5.566151283681393
0.0   -5.588358729612082
0.0   -5.521835565567017
0.0   -5.560486178379506
0.0   -5.562116185668856
0.0   -5.5603392124176025
0.0   -5.596032463945448
0.0   -5.474483715370297
0.0   -5.580480671487749
0.0   -5.5570815121755
0.0   -5.58016148256138
0.0   -5.553925751242787
0.0   -5.565571470651776
0.0   -5.556397621519864
0.0   -5.589605797082186
0.0   -5.6030614618211985
1.0   54.27556872065179
1.0   52.629703058861196
1.0   43.04987366870046
1.0   52.137990672141314
1.0   45.4643535874784
1.0   51.817494492046535
1.0   56.680241322144866
1.0   57.068045910447836
1.0   43.55306075513363
1.0   43.467584896832705
1.0   52.15717628225684
1.0   53.17474129796028
1.0   38.54760428890586
1.0   35.233008021488786
1.0   54.20467649586499
1.0   24.550442919135094
1.0   48.97422297112644
1.0   32.77005910873413
1.0   10.494379043579102
1.0   32.099674701690674
1.0   56.179878963157535
1.0   34.40908545255661
1.0   61.66502858698368
1.0   31.047069132328033
1.0   56.92963521089405
1.0   26.500766217708588
1.0   -0.2882552444934845
1.0   62.799289125949144
1.0   22.078805923461914
1.0   15.928951978683472
1.0   29.784448385238647
1.0   40.00749062001705
1.0   38.17397689819336
1.0   43.60452273860574
1.0   47.12899868749082
1.0   15.771995544433594
1.0   7.067506790161133
1.0   35.441208600997925
1.0   50.39189684577286
1.0   43.153164606541395
1.0   48.170848874375224
1.0   1.69856595993042
1.0   36.62436930090189
1.0   35.350211411714554
1.0   33.50478509161621
1.0   41.712812330108136
1.0   -0.21578556299209595
1.0   37.40398998185992
1.0   25.828001081943512
1.0   39.35467200912535
1.0   26.885785276070237
1.0   52.93752535060048
1.0   -0.7145289778709412
1.0   43.335934864357114
1.0   29.16576354764402
1.0   43.276891206391156
1.0   11.630588412284851
1.0   22.838475294411182
1.0   9.637712717056274
1.0   33.860510086640716
AUC-ROC: 1.0000, AUC-PR: 1.0000
0.0   -5.536801205947995
0.0   -5.4806915475055575
0.0   -5.469222468324006
0.0   -5.530453405342996
0.0   -5.522821576334536
0.0   -5.488169139251113
0.0   -5.519175400957465
0.0   -5.505540471524
0.0   -5.4980945866554976
0.0   -5.489207806065679
0.0   -5.541743461042643
0.0   -5.473579021170735
0.0   -5.459473427385092
0.0   -5.481624777428806
0.0   -5.465900733135641
0.0   -5.468983149155974
0.0   -5.555198072455823
0.0   -5.5316563015803695
0.0   -5.508138501085341
0.0   -5.485369775444269
0.0   -5.510352840647101
0.0   -5.532560721039772
0.0   -5.487195237539709
0.0   -5.549069595523179
0.0   -5.526406186632812
0.0   -5.541447259485722
0.0   -5.483145842328668
0.0   -5.518750663846731
0.0   -5.515319834463298
0.0   -5.512334926985204
0.0   -5.550650587305427
0.0   -5.431834356859326
0.0   -5.530478906817734
0.0   -5.517915137112141
0.0   -5.532386157661676
0.0   -5.506067853420973
0.0   -5.526434179395437
0.0   -5.512894074432552
0.0   -5.5465129697695374
0.0   -5.561119321733713
1.0   53.690219135954976
1.0   53.49926445633173
1.0   43.20072133792564
1.0   53.324090488255024
1.0   46.438082127366215
1.0   50.222942689433694
1.0   55.625929872039706
1.0   53.67040539253503
1.0   43.593595484271646
1.0   44.40578336920589
1.0   53.45932889170945
1.0   52.69255360821262
1.0   39.232935551553965
1.0   35.397638727445155
1.0   54.767065143212676
1.0   25.322208054363728
1.0   48.84204637631774
1.0   33.446996569633484
1.0   12.585729598999023
1.0   34.93070185184479
1.0   58.67318321764469
1.0   35.3406043946743
1.0   61.95309481350705
1.0   31.6938236951828
1.0   56.686775281094015
1.0   25.98854625225067
1.0   4.373315811157227
1.0   62.52876074425876
1.0   22.541890621185303
1.0   17.83951997756958
1.0   31.25876611471176
1.0   40.995467618107796
1.0   38.876651614904404
1.0   43.67094165459275
1.0   46.95471230149269
1.0   15.73598837852478
1.0   8.393497109413147
1.0   35.46913701295853
1.0   51.841416355222464
1.0   43.3141532111913
1.0   49.23200633749366
1.0   2.39252507686615
1.0   41.953890677541494
1.0   35.50714659690857
1.0   31.603370685130358
1.0   40.63801076821983
1.0   -0.7317542135715485
1.0   35.69877285696566
1.0   25.63598646223545
1.0   38.81225276272744
1.0   26.252470393665135
1.0   51.58876250125468
1.0   0.8335322737693787
1.0   41.88913281261921
1.0   27.404842793941498
1.0   41.1112391166389
1.0   13.235258221626282
1.0   22.629448480904102
1.0   10.955708026885986
1.0   33.744215031154454
AUC-ROC: 1.0000, AUC-PR: 1.0000
0.0   -5.569766091182828
0.0   -5.523254142142832
0.0   -5.50605661328882
0.0   -5.564924902282655
0.0   -5.561358014121652
0.0   -5.526309730485082
0.0   -5.554046600591391
0.0   -5.54242071416229
0.0   -5.537346442695707
0.0   -5.532171808183193
0.0   -5.573966772761196
0.0   -5.513861731160432
0.0   -5.496785725466907
0.0   -5.52127376710996
0.0   -5.528675267472863
0.0   -5.509217178449035
0.0   -5.590322974137962
0.0   -5.57189120259136
0.0   -5.545244698412716
0.0   -5.525334918871522
0.0   -5.552033195272088
0.0   -5.569892724975944
0.0   -5.526243743021041
0.0   -5.58524764329195
0.0   -5.570046334527433
0.0   -5.581260188948363
0.0   -5.52179288584739
0.0   -5.554066323675215
0.0   -5.551938649266958
0.0   -5.552419818472117
0.0   -5.587096991948783
0.0   -5.479818860534579
0.0   -5.570999785326421
0.0   -5.554930629208684
0.0   -5.571808074600995
0.0   -5.548845742363483
0.0   -5.561524859629571
0.0   -5.552712755743414
0.0   -5.58128842106089
0.0   -5.596121934242547
1.0   56.99887012690306
1.0   53.2204616330564
1.0   42.92177943140268
1.0   54.54446765035391
1.0   46.45848215743899
1.0   50.55931760184467
1.0   57.14239718206227
1.0   55.857020244933665
1.0   39.338548188097775
1.0   43.93914398178458
1.0   54.582114186137915
1.0   52.61391750071198
1.0   33.44730074889958
1.0   30.941725010052323
1.0   53.18105421960354
1.0   22.322562634944916
1.0   48.28690079972148
1.0   32.34680074453354
1.0   9.654256343841553
1.0   33.334628224372864
1.0   58.264376575127244
1.0   33.48590153455734
1.0   60.61090515367687
1.0   29.958389937877655
1.0   56.404172252863646
1.0   22.757368564605713
1.0   4.358719229698181
1.0   58.57125762104988
1.0   18.321268320083618
1.0   16.758418798446655
1.0   30.310600876808167
1.0   41.1074577793479
1.0   36.29081851243973
1.0   43.8654548227787
1.0   47.07175927609205
1.0   15.628907442092896
1.0   5.337604522705078
1.0   31.937936067581177
1.0   50.41908096894622
1.0   40.050180431455374
1.0   46.69265231862664
1.0   0.18703889846801758
1.0   38.644959757104516
1.0   32.264326333999634
1.0   30.344914848916233
1.0   41.06738187558949
1.0   -2.0379024744033813
1.0   32.16115750838071
1.0   21.13880342245102
1.0   39.290324051864445
1.0   25.742440486326814
1.0   49.29308964125812
1.0   -0.5508911609649658
1.0   40.07092656567693
1.0   24.75245496071875
1.0   38.38237752765417
1.0   11.267014801502228
1.0   23.677135907113552
1.0   11.395168364048004
1.0   34.20329212024808
AUC-ROC: 1.0000, AUC-PR: 1.0000
0.0   -5.386393826454878
0.0   -5.341694321483374
0.0   -5.32585153914988
0.0   -5.383860565721989
0.0   -5.378136606886983
0.0   -5.342899026349187
0.0   -5.371172197163105
0.0   -5.360782079398632
0.0   -5.357272086665034
0.0   -5.349754917435348
0.0   -5.391122484579682
0.0   -5.331250070594251
0.0   -5.31402625516057
0.0   -5.338150487281382
0.0   -5.347826486453414
0.0   -5.327258835546672
0.0   -5.409109830856323
0.0   -5.387126747518778
0.0   -5.362608801573515
0.0   -5.34516716748476
0.0   -5.371060250326991
0.0   -5.38991829380393
0.0   -5.3417031383141875
0.0   -5.402236100286245
0.0   -5.3850107062608
0.0   -5.3967883344739676
0.0   -5.338405217975378
0.0   -5.373354448005557
0.0   -5.369178656488657
0.0   -5.371302362531424
0.0   -5.405630306340754
0.0   -5.297601046040654
0.0   -5.388697907328606
0.0   -5.370313698425889
0.0   -5.389035074040294
0.0   -5.365972697734833
0.0   -5.378272283822298
0.0   -5.370965205132961
0.0   -5.399767043069005
0.0   -5.412545178085566
1.0   53.220171231776476
1.0   48.13512931577861
1.0   38.95360858179629
1.0   49.763110406696796
1.0   43.43145750835538
1.0   48.104875177145004
1.0   54.51932072453201
1.0   51.50795083120465
1.0   44.08187160640955
1.0   44.086606964468956
1.0   54.65622524358332
1.0   53.079465091228485
1.0   35.087289640679955
1.0   34.817212611436844
1.0   54.80195712298155
1.0   26.050795294344425
1.0   49.42636940814555
1.0   36.39375114440918
1.0   14.749418497085571
1.0   36.96809673309326
1.0   57.628321185708046
1.0   37.69097030162811
1.0   62.17404948733747
1.0   33.82771575450897
1.0   57.634679701179266
1.0   28.093825697898865
1.0   6.275383472442627
1.0   61.53697085753083
1.0   24.41839975118637
1.0   19.45576322078705
1.0   32.7654892206192
1.0   42.398558013141155
1.0   39.48737686872482
1.0   45.14486239850521
1.0   47.74823738075793
1.0   18.614534378051758
1.0   9.382993936538696
1.0   35.44530165195465
1.0   53.03825540095568
1.0   43.53798479959369
1.0   49.18980125896633
1.0   1.4101771116256714
1.0   41.08260018192232
1.0   36.17608582228422
1.0   34.176005113869905
1.0   43.880407974123955
1.0   -0.4122227132320404
1.0   37.66239872016013
1.0   26.042911022901535
1.0   40.8721858728677
1.0   29.847763650119305
1.0   54.25848205015063
1.0   1.4378969073295593
1.0   44.24045164883137
1.0   31.024849951267242
1.0   43.07260847836733
1.0   12.40566086769104
1.0   22.09465229511261
1.0   8.328753590583801
1.0   32.96882787719369
AUC-ROC: 1.0000, AUC-PR: 1.0000
0.0   -5.4398709032684565
0.0   -5.401604671031237
0.0   -5.382936199195683
0.0   -5.4410304222255945
0.0   -5.438392228446901
0.0   -5.3986563719809055
0.0   -5.430048908106983
0.0   -5.420535434037447
0.0   -5.411868697963655
0.0   -5.412463668733835
0.0   -5.447421282529831
0.0   -5.393331661820412
0.0   -5.378316826187074
0.0   -5.4011890180408955
0.0   -5.416284628212452
0.0   -5.387060716748238
0.0   -5.465289184823632
0.0   -5.446704457513988
0.0   -5.426583740860224
0.0   -5.40361550077796
0.0   -5.43184854183346
0.0   -5.445450278930366
0.0   -5.4035262586548924
0.0   -5.460375196300447
0.0   -5.454431699588895
0.0   -5.462986604310572
0.0   -5.3991224048659205
0.0   -5.429119544103742
0.0   -5.4277603682130575
0.0   -5.43340618442744
0.0   -5.466805309988558
0.0   -5.364996274001896
0.0   -5.4515725979581475
0.0   -5.430951333604753
0.0   -5.446211013011634
0.0   -5.429455673322082
0.0   -5.43848754093051
0.0   -5.4322410216555
0.0   -5.460825436748564
0.0   -5.470222480595112
1.0   52.47899438906461
1.0   48.993725029286
1.0   35.71426065964624
1.0   45.63691092468798
1.0   44.47452333802357
1.0   44.34573753643781
1.0   52.224334763363004
1.0   49.572627080604434
1.0   37.40676499530673
1.0   42.44954027980566
1.0   55.25838827341795
1.0   52.57915959274396
1.0   29.201321169734
1.0   28.284400954842567
1.0   49.8528545810841
1.0   19.700740605592728
1.0   44.415348157286644
1.0   28.120811760425568
1.0   7.2518956661224365
1.0   31.03015410900116
1.0   56.99886489659548
1.0   27.451760053634644
1.0   55.148567953612655
1.0   24.36611831188202
1.0   53.25790027808398
1.0   18.231696844100952
1.0   0.14262902736663818
1.0   54.83789742551744
1.0   16.45052409172058
1.0   13.973531484603882
1.0   28.885104775428772
1.0   39.91345652937889
1.0   35.66696132719517
1.0   42.56756108999252
1.0   45.40710644982755
1.0   13.877032279968262
1.0   4.010751247406006
1.0   30.034454345703125
1.0   50.018746230751276
1.0   39.378582721576095
1.0   47.158418115228415
1.0   -0.6341572403907776
1.0   34.66562417522073
1.0   30.763618603348732
1.0   31.569935583509505
1.0   41.71028691716492
1.0   -1.5523661375045776
1.0   31.57582810241729
1.0   22.062866374850273
1.0   39.37524430407211
1.0   24.67851021885872
1.0   50.222212532535195
1.0   -0.11352628469467163
1.0   41.543768481351435
1.0   24.42066773213446
1.0   39.760969545692205
1.0   10.289165377616882
1.0   20.463531337678432
1.0   8.083923518657684
1.0   31.970291804522276
AUC-ROC: 1.0000, AUC-PR: 1.0000
0.0   -5.448242722079158
0.0   -5.409101463854313
0.0   -5.38903585029766
0.0   -5.447956057265401
0.0   -5.443351486697793
0.0   -5.406231541652232
0.0   -5.434611943550408
0.0   -5.424928444437683
0.0   -5.422372262459248
0.0   -5.416176534257829
0.0   -5.451859503053129
0.0   -5.401214109733701
0.0   -5.386017945129424
0.0   -5.408378263935447
0.0   -5.422055696602911
0.0   -5.393358484841883
0.0   -5.469580290839076
0.0   -5.453779214061797
0.0   -5.429343456402421
0.0   -5.414103503804654
0.0   -5.436652738600969
0.0   -5.450128516182303
0.0   -5.407801574096084
0.0   -5.465094947256148
0.0   -5.4604017324745655
0.0   -5.466377391945571
0.0   -5.4038003399036825
0.0   -5.435428077355027
0.0   -5.430252803955227
0.0   -5.436667397618294
0.0   -5.472088914364576
0.0   -5.375721789896488
0.0   -5.4566597626544535
0.0   -5.434543694369495
0.0   -5.451478132046759
0.0   -5.434417451731861
0.0   -5.441685345955193
0.0   -5.4366037719883025
0.0   -5.464594821445644
0.0   -5.476014439947903
1.0   57.846727933734655
1.0   53.35231557791121
1.0   41.75449480302632
1.0   52.078749580308795
1.0   47.41261249035597
1.0   49.74038705229759
1.0   58.21027680579573
1.0   55.85428419150412
1.0   42.75663947314024
1.0   44.48905094433576
1.0   57.196672906167805
1.0   55.408556069247425
1.0   31.1179736033082
1.0   30.708848752081394
1.0   52.73330134479329
1.0   20.97721654176712
1.0   47.15504429768771
1.0   31.765379905700684
1.0   9.233300805091858
1.0   33.54131209850311
1.0   58.106012949720025
1.0   30.560602068901062
1.0   57.7806290932931
1.0   26.593405187129974
1.0   56.33169575128704
1.0   21.1184720993042
1.0   0.5632742941379547
1.0   60.163923368789256
1.0   20.350126206874847
1.0   15.589640974998474
1.0   30.272006154060364
1.0   41.95361006259918
1.0   38.46016240119934
1.0   45.21971455216408
1.0   48.09864098764956
1.0   16.318293809890747
1.0   5.8182783126831055
1.0   32.744243025779724
1.0   53.09403654932976
1.0   41.76909822225571
1.0   49.59529627580196
1.0   -0.6887683272361755
1.0   36.86943913064897
1.0   34.74089766293764
1.0   33.27024007868022
1.0   44.98154908511788
1.0   -2.0332725942134857
1.0   36.500993529334664
1.0   23.48449072241783
1.0   41.1415338087827
1.0   25.573070026934147
1.0   54.17444816045463
1.0   -0.6230167150497437
1.0   44.70656241849065
1.0   28.499978182837367
1.0   41.02058348571882
1.0   9.290255427360535
1.0   23.05710804462433
1.0   10.186706185340881
1.0   34.78685701265931
AUC-ROC: 1.0000, AUC-PR: 1.0000
0.0   -5.38453125115484
0.0   -5.345318419393152
0.0   -5.327888255938888
0.0   -5.386040677782148
0.0   -5.381267959717661
0.0   -5.3437114441767335
0.0   -5.3732226132415235
0.0   -5.362639766186476
0.0   -5.357634452171624
0.0   -5.354525905102491
0.0   -5.390414269641042
0.0   -5.3387297466397285
0.0   -5.3233150858432055
0.0   -5.344716986641288
0.0   -5.360077116638422
0.0   -5.330791238695383
0.0   -5.409013872034848
0.0   -5.390605966560543
0.0   -5.367260559462011
0.0   -5.35138148535043
0.0   -5.375794803723693
0.0   -5.390221835114062
0.0   -5.344829319044948
0.0   -5.402410456910729
0.0   -5.39604118373245
0.0   -5.402935215272009
0.0   -5.34186587901786
0.0   -5.374121896922588
0.0   -5.369642460718751
0.0   -5.376440693624318
0.0   -5.408751670271158
0.0   -5.311728949658573
0.0   -5.394605355337262
0.0   -5.372477455995977
0.0   -5.391460525803268
0.0   -5.373486801050603
0.0   -5.380362091585994
0.0   -5.374936820473522
0.0   -5.402472383808345
0.0   -5.414121726993471
1.0   54.99794197175652
1.0   47.988116421271116
1.0   39.236108594574034
1.0   49.10215733200312
1.0   43.6804536851123
1.0   47.78205165080726
1.0   54.599694578908384
1.0   54.17484040372074
1.0   39.410430347546935
1.0   41.646308108232915
1.0   54.0484351105988
1.0   51.61400643456727
1.0   31.497212767601013
1.0   30.646630510687828
1.0   51.13113567046821
1.0   23.09152890741825
1.0   45.09922815673053
1.0   29.602867484092712
1.0   9.41093635559082
1.0   32.78918755054474
1.0   55.99009718000889
1.0   30.5871000289917
1.0   55.315333963837475
1.0   25.333755671977997
1.0   53.52754688728601
1.0   19.947888493537903
1.0   1.9138849973678589
1.0   55.80019003711641
1.0   19.949650287628174
1.0   14.64634644985199
1.0   29.96279811859131
1.0   39.439308404922485
1.0   36.97338178753853
1.0   41.7370843924582
1.0   43.842378517612815
1.0   14.881555795669556
1.0   5.468252420425415
1.0   32.13660645484924
1.0   50.988539300858974
1.0   40.92233433574438
1.0   48.19165177643299
1.0   -0.19468367099761963
1.0   34.13220281805843
1.0   32.26342594623566
1.0   32.52248704247177
1.0   42.13951621949673
1.0   -0.731829822063446
1.0   33.143367728218436
1.0   22.10217145830393
1.0   38.17085794266313
1.0   26.050255363807082
1.0   52.23845161497593
1.0   1.174020528793335
1.0   42.55494628846645
1.0   26.869016651064157
1.0   41.79178848490119
1.0   6.960371255874634
1.0   22.53319289535284
1.0   10.194612622261047
1.0   33.0959951011464
AUC-ROC: 1.0000, AUC-PR: 1.0000
0.0   -5.405868701636791
0.0   -5.36723361723125
0.0   -5.347768044099212
0.0   -5.404629148542881
0.0   -5.4015348590910435
0.0   -5.366245514713228
0.0   -5.389886908233166
0.0   -5.380998345091939
0.0   -5.381140667945147
0.0   -5.372154211625457
0.0   -5.4094972386956215
0.0   -5.35714303702116
0.0   -5.344128111377358
0.0   -5.363343309611082
0.0   -5.3788238652050495
0.0   -5.3496853318065405
0.0   -5.427381964400411
0.0   -5.409029733389616
0.0   -5.38513370603323
0.0   -5.371247416362166
0.0   -5.3926362078636885
0.0   -5.4077396327629685
0.0   -5.363699275068939
0.0   -5.422227052971721
0.0   -5.414538819342852
0.0   -5.423052255995572
0.0   -5.360861094668508
0.0   -5.392159065231681
0.0   -5.3872383665293455
0.0   -5.393655598163605
0.0   -5.426760205999017
0.0   -5.3310783337801695
0.0   -5.410576984286308
0.0   -5.390974871814251
0.0   -5.407576696947217
0.0   -5.392003266140819
0.0   -5.397801486775279
0.0   -5.393236631527543
0.0   -5.419780129566789
0.0   -5.433608526363969
1.0   56.35921132192016
1.0   51.25788214802742
1.0   40.42984510213137
1.0   50.68778483942151
1.0   45.09733005054295
1.0   48.61590350139886
1.0   56.573378168046474
1.0   55.43400126695633
1.0   40.09930541366339
1.0   41.736363139003515
1.0   54.03865431807935
1.0   51.53638436179608
1.0   29.705937549471855
1.0   28.920674949884415
1.0   49.681775003671646
1.0   21.148784056305885
1.0   44.01240549981594
1.0   30.25485384464264
1.0   8.681163787841797
1.0   31.625317096710205
1.0   56.54798521567136
1.0   29.241660237312317
1.0   55.160167034715414
1.0   25.250127732753754
1.0   52.793967076577246
1.0   19.605807065963745
1.0   0.9821856617927551
1.0   57.08724545314908
1.0   19.270646691322327
1.0   14.390973806381226
1.0   29.08384883403778
1.0   39.43771235644817
1.0   37.28087338805199
1.0   42.724268827587366
1.0   45.31317442655563
1.0   14.673910856246948
1.0   5.426198244094849
1.0   30.931407570838928
1.0   50.76078090257943
1.0   40.62079668790102
1.0   48.3022974897176
1.0   -0.5013984441757202
1.0   35.72718474641442
1.0   33.01055155694485
1.0   31.154123663902283
1.0   41.772869262844324
1.0   -1.634119689464569
1.0   33.91820236016065
1.0   22.346442684531212
1.0   38.873255669139326
1.0   24.268277063965797
1.0   52.06324593164027
1.0   -0.014784455299377441
1.0   41.93987490516156
1.0   26.86637143418193
1.0   40.24914147332311
1.0   11.607116758823395
1.0   23.096962861716747
1.0   10.629844605922699
1.0   34.752567012794316
AUC-ROC: 1.0000, AUC-PR: 1.0000
0.0   -5.505408493801951
0.0   -5.464372203685343
0.0   -5.444947522133589
0.0   -5.503238172270358
0.0   -5.49916048720479
0.0   -5.4645996214821935
0.0   -5.488455453887582
0.0   -5.477318054065108
0.0   -5.480932148173451
0.0   -5.469695390202105
0.0   -5.507126655429602
0.0   -5.4546711556613445
0.0   -5.440191611647606
0.0   -5.459800659678876
0.0   -5.473268918693066
0.0   -5.447390374727547
0.0   -5.525755583308637
0.0   -5.506283418275416
0.0   -5.482023807242513
0.0   -5.46779103577137
0.0   -5.490217020735145
0.0   -5.505172239616513
0.0   -5.460349694825709
0.0   -5.520876631140709
0.0   -5.511386856436729
0.0   -5.519217129796743
0.0   -5.457571447826922
0.0   -5.4902853248640895
0.0   -5.483432829380035
0.0   -5.491110815666616
0.0   -5.5233011320233345
0.0   -5.42545997351408
0.0   -5.509669819846749
0.0   -5.488318610936403
0.0   -5.50772590842098
0.0   -5.488984938710928
0.0   -5.496064327657223
0.0   -5.4910652581602335
0.0   -5.518017739057541
0.0   -5.532264674082398
1.0   54.690277588088065
1.0   52.27884152135812
1.0   40.360074834898114
1.0   50.60513204615563
1.0   46.232000490650535
1.0   48.62069725897163
1.0   56.43988482654095
1.0   52.45041074231267
1.0   41.45177343301475
1.0   42.938465513288975
1.0   53.7492703422904
1.0   51.93523870781064
1.0   31.115234162658453
1.0   31.092756003141403
1.0   51.39005432650447
1.0   23.252348229289055
1.0   46.177251882851124
1.0   31.84185618162155
1.0   10.675828695297241
1.0   33.58044898509979
1.0   56.976700849831104
1.0   31.598560094833374
1.0   57.623889775015414
1.0   27.599202513694763
1.0   54.85727075114846
1.0   22.15480387210846
1.0   2.24397611618042
1.0   58.05320755764842
1.0   21.868447482585907
1.0   16.512001395225525
1.0   30.49766480922699
1.0   40.665350057184696
1.0   38.167161390185356
1.0   43.27264503017068
1.0   46.27142670750618
1.0   16.186498403549194
1.0   7.1443030834198
1.0   32.647109389305115
1.0   51.44446140900254
1.0   41.96199677139521
1.0   48.066885847598314
1.0   0.14134621620178223
1.0   37.05587040819228
1.0   33.79173016548157
1.0   32.82108694361523
1.0   42.9593920763582
1.0   -1.2340601086616516
1.0   35.72593933250755
1.0   24.063612177968025
1.0   39.96063024736941
1.0   26.528275474905968
1.0   53.37887395359576
1.0   -0.9585675001144409
1.0   43.11367013677955
1.0   28.279307572171092
1.0   41.96136963786557
1.0   11.9845529794693
1.0   24.55310958623886
1.0   11.41647207736969
1.0   36.2989568375051
AUC-ROC: 1.0000, AUC-PR: 1.0000
0.0   -5.55641083791852
0.0   -5.517063032835722
0.0   -5.495698441751301
0.0   -5.5536742359399796
0.0   -5.549201565794647
0.0   -5.516615716274828
0.0   -5.5373633205890656
0.0   -5.530267100315541
0.0   -5.534333603456616
0.0   -5.519156830385327
0.0   -5.556590830907226
0.0   -5.505251554772258
0.0   -5.494445713702589
0.0   -5.511861529201269
0.0   -5.5264880349859595
0.0   -5.498339916579425
0.0   -5.574310349766165
0.0   -5.557887664064765
0.0   -5.5330146425403655
0.0   -5.520617784000933
0.0   -5.5398781495168805
0.0   -5.5547095611691475
0.0   -5.51214221585542
0.0   -5.570624494925141
0.0   -5.564637508243322
0.0   -5.569648475851864
0.0   -5.508764002472162
0.0   -5.5393455578014255
0.0   -5.5342841148376465
0.0   -5.53954088781029
0.0   -5.5750243794173
0.0   -5.482465870678425
0.0   -5.559582595713437
0.0   -5.539737434126437
0.0   -5.554255738854408
0.0   -5.53858183324337
0.0   -5.5465815626084805
0.0   -5.539633923675865
0.0   -5.568041297607124
0.0   -5.580804955214262
1.0   54.58564383722842
1.0   51.4726833011955
1.0   38.782671285793185
1.0   49.82710137590766
1.0   45.620695310644805
1.0   46.85406378097832
1.0   55.72475668974221
1.0   52.57623659260571
1.0   39.424725664779544
1.0   39.51411897316575
1.0   52.52458980306983
1.0   50.69204379990697
1.0   27.042022794485092
1.0   27.258695259690285
1.0   47.771815944463015
1.0   19.137080192565918
1.0   41.74811961129308
1.0   26.38928133249283
1.0   5.761484861373901
1.0   29.704943656921387
1.0   54.58962146565318
1.0   25.95453906059265
1.0   52.140874101780355
1.0   21.594299793243408
1.0   50.7723099058494
1.0   17.54468297958374
1.0   0.39390310645103455
1.0   55.68053805548698
1.0   17.24791193008423
1.0   11.884464144706726
1.0   27.194114804267883
1.0   36.64053559303284
1.0   35.10544201731682
1.0   39.38530786335468
1.0   42.83914408646524
1.0   12.654846906661987
1.0   4.507586240768433
1.0   28.592827558517456
1.0   48.23858496360481
1.0   38.6974572353065
1.0   46.7357422253117
1.0   -1.8774406909942627
1.0   32.64097741059959
1.0   31.418490707874298
1.0   29.50565036945045
1.0   39.354605074971914
1.0   -2.275839239358902
1.0   31.926966354250908
1.0   22.685021296143532
1.0   35.935561792925
1.0   21.99963976070285
1.0   49.38766760379076
1.0   -1.1386943459510803
1.0   39.916761812753975
1.0   25.560657538473606
1.0   38.789810478687286
1.0   7.847326576709747
1.0   21.57166960835457
1.0   9.551088511943817
1.0   32.48179127089679
AUC-ROC: 1.0000, AUC-PR: 1.0000
0.0   -5.354508941061795
0.0   -5.316022099927068
0.0   -5.299090902321041
0.0   -5.354669939726591
0.0   -5.350336310453713
0.0   -5.316307697445154
0.0   -5.340587725862861
0.0   -5.3315177308395505
0.0   -5.330643358640373
0.0   -5.32131711114198
0.0   -5.360224317759275
0.0   -5.305288343690336
0.0   -5.292268161661923
0.0   -5.312223335728049
0.0   -5.322638219222426
0.0   -5.298648281022906
0.0   -5.3789720218628645
0.0   -5.3571540880948305
0.0   -5.335485080257058
0.0   -5.3181531662121415
0.0   -5.34346988517791
0.0   -5.3602793822065
0.0   -5.309709671884775
0.0   -5.371443867683411
0.0   -5.362837397493422
0.0   -5.369324789382517
0.0   -5.3105011666193604
0.0   -5.344083871692419
0.0   -5.337433364242315
0.0   -5.343790207058191
0.0   -5.376329227350652
0.0   -5.276153491809964
0.0   -5.36013120226562
0.0   -5.33981629088521
0.0   -5.360451702028513
0.0   -5.341602563858032
0.0   -5.350318061187863
0.0   -5.34265554882586
0.0   -5.370818851515651
0.0   -5.382224814966321
1.0   52.150759716983885
1.0   50.582372300792485
1.0   39.14850269956514
1.0   49.528787184506655
1.0   45.10488046146929
1.0   46.272795433178544
1.0   54.954390708357096
1.0   50.405889715999365
1.0   42.93297482840717
1.0   42.164895941503346
1.0   52.32671343162656
1.0   50.48258588463068
1.0   32.3049195650965
1.0   33.09905478917062
1.0   50.99252734147012
1.0   25.474686957895756
1.0   45.67442428134382
1.0   33.77690041065216
1.0   14.072552680969238
1.0   34.44420272111893
1.0   54.917859096080065
1.0   33.75029695034027
1.0   56.892779152840376
1.0   29.35679441690445
1.0   53.547876758500934
1.0   24.68722927570343
1.0   4.155160665512085
1.0   59.47441361285746
1.0   25.221176147460938
1.0   17.291906714439392
1.0   31.14701223373413
1.0   39.86154566705227
1.0   38.91530755162239
1.0   42.75400845333934
1.0   44.387646516785026
1.0   17.209357738494873
1.0   9.462795734405518
1.0   34.417033076286316
1.0   51.19648354500532
1.0   42.54677860252559
1.0   48.89310379512608
1.0   1.123124122619629
1.0   37.67540888860822
1.0   35.099568992853165
1.0   32.877979850396514
1.0   41.52342107798904
1.0   -0.7726336121559143
1.0   36.94250201480463
1.0   26.840512685477734
1.0   38.26626582071185
1.0   26.919914931058884
1.0   53.292232098057866
1.0   1.1964191794395447
1.0   42.79983987286687
1.0   30.735909193754196
1.0   42.80024184472859
1.0   12.829182386398315
1.0   23.28766915947199
1.0   11.221511900424957
1.0   34.98422878049314
AUC-ROC: 1.0000, AUC-PR: 1.0000
0.0   -5.369544385001063
0.0   -5.328768767416477
0.0   -5.312585798557848
0.0   -5.367597556207329
0.0   -5.363803181331605
0.0   -5.328355826903135
0.0   -5.354895023629069
0.0   -5.345329116098583
0.0   -5.345648375339806
0.0   -5.33524929638952
0.0   -5.373805777169764
0.0   -5.3191428780555725
0.0   -5.307401554659009
0.0   -5.324982289224863
0.0   -5.33647337090224
0.0   -5.3122239876538515
0.0   -5.391448879614472
0.0   -5.37061077170074
0.0   -5.347636506427079
0.0   -5.333471232093871
0.0   -5.355104987509549
0.0   -5.372938723303378
0.0   -5.325809462927282
0.0   -5.384226803202182
0.0   -5.376504298299551
0.0   -5.382773329503834
0.0   -5.324564695358276
0.0   -5.357953490689397
0.0   -5.350010713562369
0.0   -5.356003297492862
0.0   -5.390168737620115
0.0   -5.291645961347967
0.0   -5.372859914321452
0.0   -5.355392790399492
0.0   -5.3712031077593565
0.0   -5.353608021512628
0.0   -5.362164448015392
0.0   -5.356238804757595
0.0   -5.382602210622281
0.0   -5.395204748492688
1.0   53.39237647689879
1.0   51.483320254832506
1.0   40.650491800159216
1.0   51.13380404934287
1.0   45.368188134394586
1.0   47.03927020635456
1.0   55.530065823346376
1.0   54.24185370840132
1.0   40.333397921174765
1.0   42.550346500240266
1.0   54.44466537795961
1.0   51.168986927717924
1.0   34.00634154304862
1.0   31.125293729826808
1.0   52.85782842617482
1.0   27.5103744789958
1.0   47.03876512590796
1.0   33.95362192392349
1.0   12.922976016998291
1.0   36.87153732776642
1.0   56.824426082894206
1.0   35.18434792757034
1.0   57.61350815743208
1.0   29.73467743396759
1.0   55.514143507927656
1.0   22.931438446044922
1.0   6.616871356964111
1.0   57.860856134444475
1.0   24.368351578712463
1.0   18.423892974853516
1.0   33.518994867801666
1.0   41.01853093877435
1.0   37.94806495308876
1.0   43.00564225576818
1.0   44.55821012146771
1.0   17.591381072998047
1.0   7.8749449253082275
1.0   35.713210344314575
1.0   52.86625371873379
1.0   41.99915767647326
1.0   47.186132120899856
1.0   1.8402764797210693
1.0   36.916644734330475
1.0   32.93673039227724
1.0   33.12474064528942
1.0   41.97363578528166
1.0   -0.14392995834350586
1.0   34.04879911057651
1.0   23.942382857203484
1.0   38.43673839280382
1.0   28.375402476638556
1.0   51.78838920965791
1.0   2.2524161338806152
1.0   42.21753494255245
1.0   27.722102221101522
1.0   40.89362145122141
1.0   13.696432709693909
1.0   25.623840060085058
1.0   11.663209319114685
1.0   37.675062951631844
AUC-ROC: 1.0000, AUC-PR: 1.0000
0.0   -5.437560806050897
0.0   -5.39708692394197
0.0   -5.380156416911632
0.0   -5.436892783269286
0.0   -5.431710957549512
0.0   -5.397889447398484
0.0   -5.422039775177836
0.0   -5.413779066409916
0.0   -5.412409952841699
0.0   -5.4021989475004375
0.0   -5.441320763900876
0.0   -5.385601622052491
0.0   -5.373695446178317
0.0   -5.392156169749796
0.0   -5.403338362462819
0.0   -5.379117850214243
0.0   -5.459587283898145
0.0   -5.437813401222229
0.0   -5.415809154510498
0.0   -5.401348659768701
0.0   -5.423985440749675
0.0   -5.440760416910052
0.0   -5.390726909972727
0.0   -5.451952077448368
0.0   -5.446188458241522
0.0   -5.449446527287364
0.0   -5.390757256187499
0.0   -5.424197740852833
0.0   -5.417249122168869
0.0   -5.422954135108739
0.0   -5.456507096067071
0.0   -5.357582864351571
0.0   -5.440457912161946
0.0   -5.421254785731435
0.0   -5.441567315720022
0.0   -5.421032087877393
0.0   -5.4312670938670635
0.0   -5.423655849415809
0.0   -5.4515858348459005
0.0   -5.463102153502405
1.0   54.64967317227274
1.0   49.55783392256126
1.0   39.907276989892125
1.0   51.39361226186156
1.0   44.11657619290054
1.0   48.040838753804564
1.0   54.50819767639041
1.0   55.72748659923673
1.0   44.360316006466746
1.0   44.24638288049027
1.0   53.588822707533836
1.0   51.59061807952821
1.0   31.771276004612446
1.0   34.16461591608822
1.0   52.34911179356277
1.0   25.67202504724264
1.0   48.268488322384655
1.0   35.83076852560043
1.0   14.981292724609375
1.0   36.782303869724274
1.0   57.31256620492786
1.0   35.57871752977371
1.0   59.94695669552311
1.0   31.278177082538605
1.0   55.825380119495094
1.0   25.61985945701599
1.0   6.0718183517456055
1.0   61.556919824332
1.0   26.331131994724274
1.0   19.223801970481873
1.0   32.1210435628891
1.0   42.32995939999819
1.0   40.1788495182991
1.0   45.17209995910525
1.0   47.099539993330836
1.0   18.55480647087097
1.0   9.992507457733154
1.0   35.37725007534027
1.0   52.48152316920459
1.0   44.12370242923498
1.0   50.100396467372775
1.0   1.4930596351623535
1.0   40.65434522740543
1.0   36.17388288676739
1.0   32.75595095381141
1.0   42.14131841342896
1.0   -1.0881105661392212
1.0   37.48405276611447
1.0   26.254154339432716
1.0   40.001292790751904
1.0   27.466356493532658
1.0   53.55602350644767
1.0   0.17995679378509521
1.0   42.855944314040244
1.0   31.021327141672373
1.0   43.05667376331985
1.0   11.317570805549622
1.0   23.246404353529215
1.0   10.98602545261383
1.0   34.90138188097626
AUC-ROC: 1.0000, AUC-PR: 1.0000
0.0   -5.589815726969391
0.0   -5.547237320803106
0.0   -5.531556084752083
0.0   -5.587567925453186
0.0   -5.583418401889503
0.0   -5.55127874109894
0.0   -5.570673381909728
0.0   -5.562999439891428
0.0   -5.5680654449388385
0.0   -5.551982253789902
0.0   -5.591071006841958
0.0   -5.537581681273878
0.0   -5.526609147898853
0.0   -5.543230328708887
0.0   -5.557522892951965
0.0   -5.529503789264709
0.0   -5.608539391309023
0.0   -5.5884277401492
0.0   -5.564851216506213
0.0   -5.55217772629112
0.0   -5.572220222558826
0.0   -5.590757463127375
0.0   -5.542723109479994
0.0   -5.603426272049546
0.0   -5.596918811555952
0.0   -5.5997574450448155
0.0   -5.5408453536219895
0.0   -5.574342123232782
0.0   -5.5656688045710325
0.0   -5.571721806190908
0.0   -5.607159115374088
0.0   -5.508899355307221
0.0   -5.589986737817526
0.0   -5.573197950609028
0.0   -5.5893788994289935
0.0   -5.56932682543993
0.0   -5.5815942408517
0.0   -5.572685640305281
0.0   -5.600799633655697
0.0   -5.613817433826625
1.0   53.716629564762115
1.0   50.335843295790255
1.0   38.25110030826181
1.0   50.345424722880125
1.0   44.66243171133101
1.0   46.43134406302124
1.0   53.14844341389835
1.0   53.689587941393256
1.0   41.076511446386576
1.0   39.46814506966621
1.0   50.62915928475559
1.0   48.760540070943534
1.0   26.832782573997974
1.0   29.155298963189125
1.0   47.776066632941365
1.0   20.586064487695694
1.0   42.83134057931602
1.0   31.789158821105957
1.0   10.666956186294556
1.0   32.41397601366043
1.0   52.57243927940726
1.0   30.211184084415436
1.0   54.02441151253879
1.0   26.30594664812088
1.0   51.009612722322345
1.0   20.976237654685974
1.0   2.4609568119049072
1.0   58.15877621527761
1.0   20.96725583076477
1.0   14.220327973365784
1.0   27.741013050079346
1.0   37.421928852796555
1.0   36.538513004779816
1.0   41.002979837358
1.0   42.725940419360995
1.0   14.214018106460571
1.0   6.276288986206055
1.0   30.034980297088623
1.0   48.380116594955325
1.0   40.53261745348573
1.0   47.481291987001896
1.0   -0.1852492094039917
1.0   36.21530097723007
1.0   33.05827131867409
1.0   28.316508516669273
1.0   36.80812117271125
1.0   -2.8203994035720825
1.0   32.96517247334123
1.0   24.340960085392
1.0   34.486133489757776
1.0   21.050769571214914
1.0   48.22427740227431
1.0   -1.1734662652015686
1.0   37.96777259558439
1.0   26.553478492423892
1.0   38.07068291306496
1.0   8.739702105522156
1.0   21.848342292010784
1.0   9.716721773147583
1.0   32.86079084407538
AUC-ROC: 1.0000, AUC-PR: 1.0000
0.0   -5.494180765002966
0.0   -5.450874605216086
0.0   -5.43564507830888
0.0   -5.4912677295506
0.0   -5.487217443063855
0.0   -5.453754153102636
0.0   -5.477379789575934
0.0   -5.469365440309048
0.0   -5.47227796446532
0.0   -5.457470400258899
0.0   -5.497504740953445
0.0   -5.441052676178515
0.0   -5.4300335589796305
0.0   -5.446527504362166
0.0   -5.460094434209168
0.0   -5.4342807456851006
0.0   -5.514342816546559
0.0   -5.491779278032482
0.0   -5.470592598430812
0.0   -5.454133136197925
0.0   -5.477719617076218
0.0   -5.495101898908615
0.0   -5.447922468185425
0.0   -5.508573648519814
0.0   -5.501397462561727
0.0   -5.506308168172836
0.0   -5.447248940356076
0.0   -5.47942369710654
0.0   -5.473387540318072
0.0   -5.479191572405398
0.0   -5.512316467240453
0.0   -5.412415623664856
0.0   -5.497231796383858
0.0   -5.4774958454072475
0.0   -5.494086020626128
0.0   -5.475190526805818
0.0   -5.486203615553677
0.0   -5.479453066363931
0.0   -5.507373705506325
0.0   -5.5179340578615665
1.0   54.19350808765739
1.0   47.579997916705906
1.0   39.712276017293334
1.0   50.04759178310633
1.0   43.14240123704076
1.0   47.76069316267967
1.0   53.77587820403278
1.0   52.89570960588753
1.0   37.97446330450475
1.0   39.76267737429589
1.0   51.06013152003288
1.0   49.504126546904445
1.0   30.847822051495314
1.0   29.02609454933554
1.0   49.74378607980907
1.0   24.83493448421359
1.0   43.279325442388654
1.0   30.577704668045044
1.0   8.969496726989746
1.0   33.35953372716904
1.0   56.25587688572705
1.0   31.675562500953674
1.0   54.446062597446144
1.0   26.05516880750656
1.0   51.687136963009834
1.0   18.82734525203705
1.0   5.697659254074097
1.0   54.21126602962613
1.0   20.929634630680084
1.0   14.578766942024231
1.0   30.479803383350372
1.0   37.9185566753149
1.0   35.296724170446396
1.0   39.31635474413633
1.0   41.92337375320494
1.0   14.337424516677856
1.0   5.892472267150879
1.0   31.696280479431152
1.0   49.65662743896246
1.0   39.739668721333146
1.0   46.543930067680776
1.0   0.09726810455322266
1.0   35.25846825912595
1.0   29.00326532125473
1.0   30.55467526288703
1.0   37.46505712531507
1.0   -1.2596047520637512
1.0   29.308475426398218
1.0   22.317323736846447
1.0   36.16016886848956
1.0   23.523572636768222
1.0   48.77636170014739
1.0   0.45736461877822876
1.0   39.88960745744407
1.0   23.72970956005156
1.0   39.92932701483369
1.0   9.251267790794373
1.0   24.759866826236248
1.0   11.10090845823288
1.0   36.4167217053473
AUC-ROC: 1.0000, AUC-PR: 1.0000
