0.0   -5.630862827412784
0.0   -5.676718574482948
0.0   -5.670636947965249
0.0   -5.554328638128936
0.0   -5.745114750228822
0.0   -5.706381063675508
0.0   -5.646595116704702
0.0   -5.465239992830902
0.0   -5.657264791429043
0.0   -5.700654552783817
0.0   -5.715524613158777
0.0   -5.691269837319851
0.0   -5.6749501139856875
0.0   -5.7243188575375825
0.0   -5.7859849110245705
0.0   -5.810518228448927
0.0   -5.643690491560847
0.0   -5.598790399264544
0.0   -5.59923725319095
0.0   -5.387958830920979
0.0   -4.695140702649951
0.0   -5.587856364902109
0.0   -5.72025897167623
0.0   -5.522161275148392
0.0   -5.662023600656539
1.0   12.632367253303528
1.0   -5.621142853051424
1.0   -1.574209839105606
1.0   16.906464785337448
1.0   25.651044568046927
1.0   -5.466983962338418
1.0   -2.6310389935970306
1.0   4.8780423402786255
1.0   23.10644876025617
1.0   22.625896090641618
1.0   -4.457320934161544
1.0   16.143470898270607
1.0   4.826315999031067
1.0   17.794836938381195
1.0   -5.210185084491968
1.0   25.628598554059863
1.0   2.7615288496017456
1.0   -3.070344850420952
1.0   -2.8417217433452606
1.0   -4.1008570343256
1.0   6.500961780548096
1.0   16.7977699264884
1.0   3.8376699090003967
1.0   18.134776822291315
1.0   15.883612513542175
1.0   15.797760218381882
1.0   -3.5716611444950104
1.0   -4.004099912941456
1.0   10.682754047214985
1.0   1.2101513743400574
1.0   35.58836620673537
1.0   25.529037296772003
1.0   30.461051542311907
1.0   20.645022939890623
1.0   17.203093588352203
1.0   3.7699636816978455
1.0   9.794594526290894
1.0   -5.220675168558955
1.0   13.74872861802578
1.0   24.446381399407983
1.0   -5.147504948545247
1.0   3.9000810384750366
1.0   6.248184621334076
1.0   7.002860724925995
1.0   12.419152975082397
1.0   -4.517519593238831
1.0   13.015307903289795
1.0   1.5401952266693115
1.0   -2.035471186041832
1.0   -5.530170190613717
1.0   19.674276527017355
1.0   19.139103777706623
1.0   -3.21670563519001
1.0   -5.287938688416034
1.0   25.252650136128068
1.0   6.590960681438446
1.0   16.296299070119858
1.0   20.338154554367065
1.0   25.716844834387302
1.0   26.73107353039086
1.0   53.85583580099046
1.0   43.555355444550514
1.0   14.286744356155396
1.0   52.31213829293847
1.0   39.311576556414366
1.0   36.10979877412319
1.0   18.42490255832672
1.0   11.643503665924072
1.0   11.514135837554932
1.0   -3.6114393323659897
1.0   -5.272404513787478
1.0   33.91848637163639
1.0   3.267577886581421
1.0   19.221942676231265
1.0   -1.040635108947754
1.0   7.541965365409851
1.0   12.117759585380554
1.0   -5.5001088893041015
1.0   -5.467180889099836
1.0   -5.536877428647131
1.0   16.880075752735138
1.0   -5.0530625227838755
1.0   0.5893892645835876
1.0   4.769667863845825
1.0   8.971491694450378
1.0   34.61206493899226
1.0   13.404942631721497
1.0   8.346570774912834
1.0   27.388817954808474
1.0   17.631341099739075
