0.0   3.8861805722117424
0.0   3.2973123341798782
0.0   3.576874479651451
0.0   3.140807442367077
0.0   3.3690583556890488
0.0   3.685808815062046
0.0   3.686636585742235
0.0   3.5199088752269745
0.0   3.4347474575042725
0.0   3.5825169682502747
0.0   3.738156780600548
0.0   3.874775856733322
0.0   3.8144078329205513
0.0   3.786685787141323
0.0   3.6443993896245956
0.0   4.369269639253616
0.0   3.4884647242724895
0.0   3.5643835216760635
0.0   3.2610802352428436
0.0   3.8559368699789047
0.0   4.388956725597382
0.0   3.5765009224414825
0.0   3.72162127494812
0.0   3.4244297593832016
0.0   3.225770577788353
0.0   3.719423659145832
0.0   3.7602474689483643
0.0   3.7225479409098625
1.0   11.131898112595081
1.0   36.166209273040295
1.0   10.584961868822575
1.0   10.80842362716794
1.0   8.73138314858079
1.0   11.724262848496437
1.0   17.564727675169706
1.0   11.283457398414612
1.0   22.45794339478016
1.0   14.036977715790272
1.0   7.043633297085762
1.0   7.953897938132286
1.0   6.016386395320296
1.0   4.001160226762295
1.0   7.384864963591099
1.0   3.683704163879156
1.0   9.1370295509696
1.0   3.4023951292037964
1.0   3.6395269632339478
1.0   69.04190526902676
1.0   61.727978095412254
1.0   66.30251476168633
1.0   76.2315129339695
1.0   41.96808115392923
1.0   42.84493803232908
1.0   57.63104881346226
1.0   37.680839359760284
1.0   21.482696443796158
1.0   60.964115262031555
1.0   50.08342828601599
1.0   73.17165719717741
1.0   91.59780272841454
1.0   57.057067051529884
1.0   39.45115319639444
1.0   67.0048755556345
1.0   28.547832816839218
1.0   11.197262272238731
1.0   9.079326465725899
1.0   37.551555432379246
1.0   51.963262654840946
1.0   50.015749737620354
1.0   58.7711575627327
1.0   71.98453085124493
1.0   61.33417074382305
1.0   61.852079942822456
1.0   58.19921277463436
1.0   36.60760524868965
1.0   53.49580605328083
1.0   37.377082750201225
1.0   33.22300834953785
1.0   14.667944729328156
1.0   27.132207989692688
1.0   35.140357315540314
1.0   8.51063896715641
1.0   5.14912299066782
1.0   27.923687428236008
1.0   15.383753642439842
1.0   28.809137254953384
1.0   62.35355558246374
1.0   52.52699372172356
1.0   65.53747501596808
1.0   55.31344849616289
1.0   21.013942319899797
1.0   65.50952596962452
1.0   18.72753456234932
1.0   29.376303136348724
1.0   13.288633055984974
1.0   8.600312359631062
1.0   30.97466456145048
1.0   10.20284190773964
AUC-ROC: 0.9724, AUC-PR: 0.9911
0.0   4.167116707190871
0.0   7.834896512329578
0.0   3.0605828277766705
0.0   8.00674231722951
0.0   3.511332616209984
0.0   7.102892197668552
0.0   7.085704520344734
0.0   3.6425334960222244
0.0   6.4431187286973
0.0   7.905676156282425
0.0   6.872542813420296
0.0   3.130978047847748
0.0   5.277628511190414
0.0   3.9158734753727913
0.0   6.321517497301102
0.0   7.41093286126852
0.0   6.772908437997103
0.0   4.511784493923187
0.0   5.952816870063543
0.0   4.9351435750722885
0.0   9.434019489213824
0.0   7.785003982484341
0.0   7.426715221256018
0.0   3.8605827502906322
0.0   9.50856101512909
0.0   6.9586121290922165
0.0   4.004956480115652
0.0   6.821102470159531
1.0   30.88425498083234
1.0   54.49203818663955
1.0   41.61115000396967
1.0   35.40020018443465
1.0   24.802377931773663
1.0   30.170257546007633
1.0   37.27800251543522
1.0   37.75895705446601
1.0   32.893198166042566
1.0   42.3046584315598
1.0   30.02371072024107
1.0   12.102927930653095
1.0   12.065792102366686
1.0   4.576163984835148
1.0   20.318503454327583
1.0   19.598916675895452
1.0   21.111385330557823
1.0   15.652956634759903
1.0   9.120214469730854
1.0   78.8978452719748
1.0   74.37907626759261
1.0   74.61132977902889
1.0   76.512495405972
1.0   48.097504545003176
1.0   56.380939953029156
1.0   67.0508528854698
1.0   45.84532184153795
1.0   31.629124827682972
1.0   67.58918541669846
1.0   63.055562037974596
1.0   70.34172675386071
1.0   98.83518823236227
1.0   67.941525246948
1.0   52.01877050101757
1.0   74.72481235861778
1.0   41.50027281790972
1.0   24.3386074565351
1.0   23.42290299758315
1.0   61.5103863440454
1.0   54.27948837354779
1.0   57.43061580136418
1.0   56.32590826228261
1.0   74.1875039562583
1.0   70.08038898929954
1.0   72.49676298350096
1.0   63.37325609382242
1.0   43.3859400562942
1.0   62.64959399588406
1.0   38.3991622030735
1.0   53.74669210985303
1.0   21.882349908351898
1.0   39.44624824076891
1.0   45.01726394146681
1.0   17.641573447734118
1.0   21.77868938446045
1.0   39.98523459210992
1.0   22.524497505277395
1.0   41.67232097685337
1.0   70.43650733679533
1.0   46.47367698699236
1.0   66.1751164495945
1.0   59.57226751372218
1.0   31.910274602472782
1.0   64.33063565939665
1.0   37.82790904119611
1.0   36.82116240262985
1.0   21.828071661293507
1.0   21.474956080317497
1.0   43.7154580950737
1.0   27.54145167209208
AUC-ROC: 0.9893, AUC-PR: 0.9965
0.0   18.394050151109695
0.0   29.79719588160515
0.0   25.30275073647499
0.0   31.287300288677216
0.0   22.86785951256752
0.0   26.679463669657707
0.0   31.02274152636528
0.0   25.003646284341812
0.0   39.00710740685463
0.0   35.966837763786316
0.0   37.518258690834045
0.0   26.016375869512558
0.0   30.258722007274628
0.0   30.11394065618515
0.0   33.743536084890366
0.0   31.44348043203354
0.0   25.98555475473404
0.0   30.446746736764908
0.0   24.23759052157402
0.0   22.34220725297928
0.0   30.458031624555588
0.0   28.597354367375374
0.0   23.735713183879852
0.0   20.420579746365547
0.0   33.11219576001167
0.0   30.399608433246613
0.0   20.894667834043503
0.0   30.282362550497055
1.0   56.66139644384384
1.0   67.50473394989967
1.0   57.527728229761124
1.0   51.79507428407669
1.0   49.85007783770561
1.0   53.44143322110176
1.0   59.39233969151974
1.0   59.966049402952194
1.0   49.99787390232086
1.0   60.58736290037632
1.0   48.13206288218498
1.0   32.82850083708763
1.0   32.44374832510948
1.0   27.997037917375565
1.0   49.10136044025421
1.0   51.80820143222809
1.0   42.35678741335869
1.0   39.51308408379555
1.0   37.164199471473694
1.0   74.74511960148811
1.0   75.23207215964794
1.0   76.01365318894386
1.0   77.25029543042183
1.0   54.42422637343407
1.0   59.809678949415684
1.0   81.206592425704
1.0   56.01721704006195
1.0   51.67622619867325
1.0   70.58871886134148
1.0   68.56789906322956
1.0   75.60217027366161
1.0   86.85561580955982
1.0   71.74937051534653
1.0   58.44378620386124
1.0   71.22947177290916
1.0   51.52782829105854
1.0   43.8828109651804
1.0   44.88375374674797
1.0   67.51643252372742
1.0   63.324284851551056
1.0   65.46173591911793
1.0   67.31853598356247
1.0   72.2294157743454
1.0   79.31605313718319
1.0   73.70883275568485
1.0   59.33776193857193
1.0   57.650459215044975
1.0   69.84839282929897
1.0   49.07251761853695
1.0   61.193056896328926
1.0   46.28002846240997
1.0   51.17190456390381
1.0   47.513313949108124
1.0   43.85978704690933
1.0   45.64059641957283
1.0   64.10726508498192
1.0   48.28910653293133
1.0   65.93978109955788
1.0   86.66444385051727
1.0   57.38540090620518
1.0   76.15945007652044
1.0   74.73985950648785
1.0   46.54095834493637
1.0   74.46099649369717
1.0   56.344877392053604
1.0   54.986950159072876
1.0   46.89151793718338
1.0   47.32852838933468
1.0   57.41096815466881
1.0   57.51061214506626
AUC-ROC: 0.9857, AUC-PR: 0.9950
0.0   2.6183038651943207
0.0   14.075436294078827
0.0   15.36362800002098
0.0   18.4726522564888
0.0   12.112803369760513
0.0   19.543187856674194
0.0   15.542542159557343
0.0   13.005319058895111
0.0   27.391842246055603
0.0   21.364123433828354
0.0   16.173424929380417
0.0   8.528960824012756
0.0   19.410075783729553
0.0   20.895153760910034
0.0   25.672614187002182
0.0   22.467299193143845
0.0   12.329457879066467
0.0   10.00086036324501
0.0   4.131985247135162
0.0   6.4017587304115295
0.0   21.19082283973694
0.0   7.911443442106247
0.0   5.795464187860489
0.0   6.486440062522888
0.0   9.743809431791306
0.0   11.29668453335762
0.0   9.326960921287537
0.0   9.678015857934952
1.0   52.23935706540942
1.0   55.4176731556654
1.0   43.20592060685158
1.0   41.03393907099962
1.0   32.863660618662834
1.0   37.00276546180248
1.0   39.89041422307491
1.0   46.64883227646351
1.0   45.0800916031003
1.0   49.80916978418827
1.0   35.9576912522316
1.0   21.159841373562813
1.0   22.53773820400238
1.0   11.673096895217896
1.0   31.31111605465412
1.0   36.717604994773865
1.0   37.20049573481083
1.0   22.757511109113693
1.0   25.271448135375977
1.0   52.58877046778798
1.0   54.02795434743166
1.0   48.67997211962938
1.0   61.32429810613394
1.0   34.24033388495445
1.0   45.1390095949173
1.0   60.33267757669091
1.0   20.778906151652336
1.0   23.189932242035866
1.0   49.66013068705797
1.0   32.84242392331362
1.0   60.580492636188865
1.0   71.64851859211922
1.0   44.7171595916152
1.0   41.11030311882496
1.0   57.083323299884796
1.0   20.271458193659782
1.0   27.498567014932632
1.0   17.377452209591866
1.0   52.96838766336441
1.0   43.741675674915314
1.0   49.10539251565933
1.0   53.3505335226655
1.0   59.68356670439243
1.0   72.02881893888116
1.0   66.33633029833436
1.0   33.72936923056841
1.0   43.97541055828333
1.0   57.39702610298991
1.0   27.096076771616936
1.0   45.234800443053246
1.0   29.449531339108944
1.0   24.85089747607708
1.0   22.384847834706306
1.0   17.783489540219307
1.0   23.849643036723137
1.0   41.9297840744257
1.0   30.314064383506775
1.0   50.49214926734567
1.0   79.79893919825554
1.0   36.81598402559757
1.0   56.916139397770166
1.0   56.725177742540836
1.0   24.993534475564957
1.0   65.04473219066858
1.0   29.29570735991001
1.0   37.49607063829899
1.0   29.199604853987694
1.0   20.963499255478382
1.0   45.039249021559954
1.0   43.206056110560894
AUC-ROC: 0.9622, AUC-PR: 0.9854
0.0   -0.979662561789155
0.0   -0.9218871369957924
0.0   -0.9117854367941618
0.0   1.4483427107334137
0.0   -0.9237013533711433
0.0   0.0435667559504509
0.0   -0.7380683366209269
0.0   -0.900042150169611
0.0   3.924340605735779
0.0   3.9861370027065277
0.0   -0.17144732363522053
0.0   -0.8457173109054565
0.0   4.680237770080566
0.0   -0.644801139831543
0.0   5.506900191307068
0.0   0.40660980343818665
0.0   -0.5637052841484547
0.0   -0.9275545366108418
0.0   -0.9242595266550779
0.0   -0.9064075611531734
0.0   1.9642508625984192
0.0   -0.7429288942366838
0.0   -0.8744082748889923
0.0   -0.9746422078460455
0.0   -0.24438098818063736
0.0   -0.2635558992624283
0.0   0.8930233418941498
0.0   -0.8379194289445877
1.0   37.885039031505585
1.0   39.767012268304825
1.0   24.329568564891815
1.0   24.950907558202744
1.0   23.007068067789078
1.0   27.21146786212921
1.0   30.22842961549759
1.0   29.24581891298294
1.0   35.75584554672241
1.0   34.53313288092613
1.0   23.05890718102455
1.0   19.87485021352768
1.0   18.250535488128662
1.0   3.307547867298126
1.0   22.13684970140457
1.0   19.651687189936638
1.0   3.111879199743271
1.0   4.114162266254425
1.0   3.0606873631477356
1.0   45.89219628274441
1.0   50.782879114151
1.0   45.19704569876194
1.0   52.97417336702347
1.0   22.24140030145645
1.0   36.64190262556076
1.0   49.36583523452282
1.0   11.885142385959625
1.0   7.93131685256958
1.0   46.802558578550816
1.0   11.649129092693329
1.0   64.35479089617729
1.0   63.92898043245077
1.0   36.30642631649971
1.0   34.79341834783554
1.0   45.75003382563591
1.0   2.899282842874527
1.0   1.520734142512083
1.0   -0.5208226442337036
1.0   40.823822900652885
1.0   37.96760216355324
1.0   43.82031092047691
1.0   45.610161289572716
1.0   51.32832932472229
1.0   67.17385954409838
1.0   57.42731399089098
1.0   26.44567409157753
1.0   33.35416913032532
1.0   44.710457533597946
1.0   1.131456844508648
1.0   38.550441801548004
1.0   23.58870229125023
1.0   14.612003743648529
1.0   17.62394493818283
1.0   7.615929543972015
1.0   8.771472036838531
1.0   20.80494111776352
1.0   23.750618398189545
1.0   41.218075446784496
1.0   68.19551763683558
1.0   29.403436988592148
1.0   52.70820642635226
1.0   59.46248799562454
1.0   14.023716241121292
1.0   55.7650463655591
1.0   19.454726219177246
1.0   33.828216433525085
1.0   18.31393963098526
1.0   6.900887548923492
1.0   48.42135385423899
1.0   19.065394818782806
AUC-ROC: 0.9791, AUC-PR: 0.9921
0.0   -1.8891832809895277
0.0   -1.8053741194307804
0.0   -1.7794570121914148
0.0   4.8158718049526215
0.0   -1.875646791420877
0.0   -0.10415041446685791
0.0   0.29560085386037827
0.0   -1.7713850662112236
0.0   2.4191299825906754
0.0   4.005626484751701
0.0   -0.510625958442688
0.0   -1.844155853614211
0.0   3.9682703614234924
0.0   -1.8230718858540058
0.0   8.397728115320206
0.0   -1.031556822359562
0.0   -1.7731494698673487
0.0   -1.8673809990286827
0.0   -1.870605032891035
0.0   -1.8359436485916376
0.0   -0.005726918578147888
0.0   -1.4219965785741806
0.0   -1.833719216287136
0.0   -1.892698496580124
0.0   -1.609869192354381
0.0   -1.7778426874428988
0.0   -0.9099086448550224
0.0   -1.819470228627324
1.0   38.06754916906357
1.0   43.75541177392006
1.0   33.80545276403427
1.0   24.770328521728516
1.0   30.711140751838684
1.0   30.722301602363586
1.0   29.479157209396362
1.0   39.87815588712692
1.0   36.20093214511871
1.0   38.462709337472916
1.0   20.065580248832703
1.0   15.41415250301361
1.0   3.0588551461696625
1.0   -1.77351756952703
1.0   36.62614047527313
1.0   22.599651873111725
1.0   29.866544634103775
1.0   3.3335819989442825
1.0   2.416407287120819
1.0   55.360672160983086
1.0   69.13232316076756
1.0   64.87229064851999
1.0   63.71944164484739
1.0   40.16274993866682
1.0   44.58199156820774
1.0   68.60376290977001
1.0   28.506400913000107
1.0   17.013638496398926
1.0   56.1683175265789
1.0   39.60951355099678
1.0   69.24268851429224
1.0   56.65070664137602
1.0   59.364229917526245
1.0   40.58868420124054
1.0   54.25653597712517
1.0   20.873442590236664
1.0   5.668378233909607
1.0   3.2944720089435577
1.0   54.71454504877329
1.0   51.890790209174156
1.0   52.54134504497051
1.0   53.93416482210159
1.0   65.61574356257915
1.0   69.84912876039743
1.0   59.72871132194996
1.0   45.30233760923147
1.0   44.4431324750185
1.0   55.461828112602234
1.0   12.050443530082703
1.0   49.88055282831192
1.0   27.821957886219025
1.0   21.954634428024292
1.0   16.047346115112305
1.0   13.444676399230957
1.0   15.276362121105194
1.0   31.691610604524612
1.0   20.732474207878113
1.0   52.40859812498093
1.0   63.61417903751135
1.0   38.87175300717354
1.0   64.24802805483341
1.0   66.74967100843787
1.0   21.27663841843605
1.0   60.74911405146122
1.0   35.232366383075714
1.0   38.88161811977625
1.0   15.318892300128937
1.0   10.606815099716187
1.0   52.25860680639744
1.0   22.215244591236115
AUC-ROC: 0.9832, AUC-PR: 0.9939
0.0   -4.031207097694278
0.0   -3.7294167168438435
0.0   -3.0221106559038162
0.0   3.5750846564769745
0.0   -3.7077292893081903
0.0   0.2626199182122946
0.0   -2.7255146019160748
0.0   -3.6858221665024757
0.0   0.8497172445058823
0.0   1.4423551559448242
0.0   0.8377688191831112
0.0   -3.818317824974656
0.0   2.8741690814495087
0.0   -3.7641310300678015
0.0   10.083116978406906
0.0   0.9649118334054947
0.0   -3.787024999037385
0.0   -3.8697551749646664
0.0   -3.875846665352583
0.0   -3.718166083097458
0.0   -3.8969539254903793
0.0   -3.512515090405941
0.0   -3.741290543228388
0.0   -3.90475158020854
0.0   -3.733591064810753
0.0   -3.904289910569787
0.0   -3.8883830159902573
0.0   -3.824832132086158
1.0   34.26093089580536
1.0   36.165584444999695
1.0   16.976343631744385
1.0   10.095764398574829
1.0   14.448546290397644
1.0   17.473687887191772
1.0   20.668232917785645
1.0   18.814896941184998
1.0   27.696105360984802
1.0   24.785128235816956
1.0   11.807422697544098
1.0   6.969689130783081
1.0   6.345292687416077
1.0   -3.662605995312333
1.0   23.036811351776123
1.0   14.828439474105835
1.0   16.854886293411255
1.0   -0.41878610104322433
1.0   1.2015405297279358
1.0   53.8098207116127
1.0   62.153703689575195
1.0   60.614599734544754
1.0   54.9771009683609
1.0   40.96463277935982
1.0   41.039501547813416
1.0   58.6128631234169
1.0   26.36343914270401
1.0   12.850648641586304
1.0   56.6108136177063
1.0   37.293546199798584
1.0   59.05792713165283
1.0   66.33489263057709
1.0   46.21283549070358
1.0   41.7341046333313
1.0   53.73379451036453
1.0   23.000673174858093
1.0   12.824058651924133
1.0   1.8292470574378967
1.0   51.51938870549202
1.0   36.77191972732544
1.0   45.28445339202881
1.0   51.420032262802124
1.0   64.66358914971352
1.0   67.78571656346321
1.0   61.89814990758896
1.0   39.0184965133667
1.0   45.66484236717224
1.0   51.79207903146744
1.0   6.589486241340637
1.0   44.657135128974915
1.0   31.900929927825928
1.0   23.332505702972412
1.0   18.262006163597107
1.0   13.205528974533081
1.0   16.00099265575409
1.0   32.50788593292236
1.0   28.341410845518112
1.0   49.219151079654694
1.0   66.80421848595142
1.0   35.5984982252121
1.0   55.89202669262886
1.0   60.10579814016819
1.0   28.8123459815979
1.0   60.51982003450394
1.0   37.062673807144165
1.0   36.73054784536362
1.0   13.94016444683075
1.0   20.034888327121735
1.0   52.71577164530754
1.0   30.607624143362045
AUC-ROC: 0.9852, AUC-PR: 0.9945
0.0   -4.315336011350155
0.0   -2.8186301067471504
0.0   0.9227597564458847
0.0   6.865303039550781
0.0   -2.48584071919322
0.0   4.911340981721878
0.0   -0.26203954964876175
0.0   -2.877541482448578
0.0   7.324488431215286
0.0   1.8207500576972961
0.0   7.669311761856079
0.0   -2.8745283763855696
0.0   6.077884197235107
0.0   -0.37209233082830906
0.0   5.925446033477783
0.0   8.421145677566528
0.0   -0.0686831921339035
0.0   2.906767338514328
0.0   -0.8385368138551712
0.0   1.4438530653715134
0.0   2.3514740616083145
0.0   0.5736714005470276
0.0   1.5491260588169098
0.0   -0.9854214899241924
0.0   0.2291613072156906
0.0   -3.714421611279249
0.0   -3.961174499243498
0.0   -2.283051136881113
1.0   28.6961869597435
1.0   29.869313597679138
1.0   15.945438146591187
1.0   15.840784192085266
1.0   17.540405750274658
1.0   19.94060707092285
1.0   19.654566049575806
1.0   20.183246850967407
1.0   18.9655784368515
1.0   18.98641562461853
1.0   11.597428321838379
1.0   11.223180294036865
1.0   14.171806812286377
1.0   -0.02510826289653778
1.0   26.453118920326233
1.0   27.41142725944519
1.0   23.039446592330933
1.0   6.1070795357227325
1.0   7.114064157009125
1.0   40.30238747596741
1.0   46.9441419839859
1.0   46.78146010637283
1.0   37.63674032688141
1.0   38.07107728719711
1.0   31.50454008579254
1.0   46.640461415052414
1.0   22.031683683395386
1.0   13.497830748558044
1.0   39.04248961806297
1.0   20.51178514957428
1.0   42.51801398396492
1.0   48.28852668404579
1.0   36.57212209701538
1.0   32.91514039039612
1.0   35.81689918041229
1.0   24.674161076545715
1.0   10.376319289207458
1.0   9.809486389160156
1.0   47.61308750510216
1.0   47.82015484571457
1.0   43.52426064014435
1.0   38.77924597263336
1.0   55.02492272853851
1.0   53.222201243042946
1.0   51.78092181682587
1.0   34.01600915193558
1.0   42.031986594200134
1.0   44.99907690286636
1.0   13.75362241268158
1.0   44.35391342639923
1.0   27.281110286712646
1.0   21.39647364616394
1.0   19.57926380634308
1.0   16.277999997138977
1.0   16.100081205368042
1.0   28.197827577590942
1.0   30.957424223423004
1.0   42.16832134127617
1.0   52.338614135980606
1.0   40.54380786418915
1.0   49.53752834349871
1.0   51.49848046898842
1.0   26.378337502479553
1.0   46.55182206630707
1.0   23.898347854614258
1.0   39.69498711824417
1.0   10.372233152389526
1.0   24.577369809150696
1.0   47.39138028025627
1.0   38.16116678714752
AUC-ROC: 0.9888, AUC-PR: 0.9961
0.0   -5.164011889602989
0.0   -3.4655779199674726
0.0   -1.145513840019703
0.0   6.230652779340744
0.0   -2.6185418888926506
0.0   3.713352918624878
0.0   -1.2972804605960846
0.0   -2.6068145409226418
0.0   4.2307387590408325
0.0   3.106342688202858
0.0   1.2868559956550598
0.0   -4.25375057477504
0.0   3.6861440241336823
0.0   0.4331178218126297
0.0   6.85059854388237
0.0   3.220917657017708
0.0   -2.8979228334501386
0.0   -3.578356070443988
0.0   -3.49926467705518
0.0   -3.6341791693121195
0.0   -2.3798870146274567
0.0   4.637482568621635
0.0   -2.5075261406600475
0.0   -3.675421219319105
0.0   -2.2105236798524857
0.0   -3.3097662404179573
0.0   -3.9330207454040647
0.0   -3.792018799111247
1.0   25.172182500362396
1.0   29.72028660774231
1.0   25.3468416929245
1.0   17.473754167556763
1.0   23.841321349143982
1.0   24.170162320137024
1.0   20.25619912147522
1.0   25.817267537117004
1.0   23.139140605926514
1.0   26.617260336875916
1.0   16.740319192409515
1.0   12.232211112976074
1.0   13.405392408370972
1.0   1.717553436756134
1.0   26.684921979904175
1.0   29.39128839969635
1.0   21.334575295448303
1.0   3.193051666021347
1.0   0.011288255453109741
1.0   36.310168236494064
1.0   38.727643966674805
1.0   41.94996452331543
1.0   34.1228851377964
1.0   32.24690169095993
1.0   25.711411118507385
1.0   42.63722647726536
1.0   20.583147406578064
1.0   14.155463337898254
1.0   34.09569591283798
1.0   18.5828458070755
1.0   36.23027420043945
1.0   51.35558006167412
1.0   36.28057378530502
1.0   20.481260061264038
1.0   31.00898802280426
1.0   10.734426319599152
1.0   5.682043731212616
1.0   3.407895177602768
1.0   39.88510240614414
1.0   34.96404039859772
1.0   31.796088099479675
1.0   38.41884698718786
1.0   46.9889577254653
1.0   47.4356292411685
1.0   48.281177036464214
1.0   31.224070012569427
1.0   30.781612932682037
1.0   35.097035586833954
1.0   5.74253511428833
1.0   35.63499563932419
1.0   17.017239212989807
1.0   16.428467750549316
1.0   14.753440737724304
1.0   8.575332403182983
1.0   16.226022720336914
1.0   28.453093886375427
1.0   19.119175970554352
1.0   35.25012740492821
1.0   45.56239551305771
1.0   33.73863643407822
1.0   46.36595796793699
1.0   49.05308625102043
1.0   25.572579503059387
1.0   42.39273327589035
1.0   17.97791337966919
1.0   34.70932096242905
1.0   12.977118849754333
1.0   18.894737720489502
1.0   38.75363925099373
1.0   26.086943924427032
AUC-ROC: 0.9821, AUC-PR: 0.9934
0.0   -5.267734631896019
0.0   -2.0822884924709797
0.0   -0.18013757467269897
0.0   6.647808790206909
0.0   -2.8585974350571632
0.0   2.599432945251465
0.0   -1.1527527943253517
0.0   -2.5336130037903786
0.0   3.9710418581962585
0.0   3.2354264706373215
0.0   -0.4188627824187279
0.0   -3.8031915556639433
0.0   9.93621090054512
0.0   -1.1049251407384872
0.0   5.026510715484619
0.0   0.8850971162319183
0.0   -2.794791653752327
0.0   -2.7443148121237755
0.0   -3.3427576180547476
0.0   -2.527446411550045
0.0   -1.5839494513347745
0.0   5.016285061836243
0.0   -2.3025381211191416
0.0   -2.4995507784187794
0.0   -1.8454099670052528
0.0   -3.5430927481502295
0.0   -4.132141008973122
0.0   -3.129582554101944
1.0   32.88890173844993
1.0   35.275738418102264
1.0   33.86745339632034
1.0   22.08470904827118
1.0   23.079669654369354
1.0   29.91077721118927
1.0   22.172253847122192
1.0   27.157594561576843
1.0   32.25802608951926
1.0   43.986413698643446
1.0   21.54324334859848
1.0   11.801313519477844
1.0   12.047572135925293
1.0   -2.8606654703617096
1.0   23.914764165878296
1.0   35.12413486465812
1.0   31.524204552173615
1.0   0.34594419598579407
1.0   2.8073114156723022
1.0   30.242877945303917
1.0   28.601842999458313
1.0   26.33328938484192
1.0   33.7252482175827
1.0   11.329118132591248
1.0   15.080416202545166
1.0   36.18114656209946
1.0   5.380347639322281
1.0   11.1094930768013
1.0   29.95502534508705
1.0   7.406818151473999
1.0   38.654464550316334
1.0   51.37569312751293
1.0   25.130141973495483
1.0   11.500687837600708
1.0   29.340445518493652
1.0   -0.13763635233044624
1.0   3.8332011103630066
1.0   0.28520872443914413
1.0   38.13781076669693
1.0   30.685404896736145
1.0   28.813860058784485
1.0   29.418842619284987
1.0   40.49257030244917
1.0   41.018328074365854
1.0   46.315979074686766
1.0   18.026986360549927
1.0   22.287081241607666
1.0   39.58951848745346
1.0   -0.5369106158614159
1.0   29.319318175315857
1.0   7.193384170532227
1.0   5.333412766456604
1.0   2.35821133852005
1.0   1.3548569679260254
1.0   5.920463025569916
1.0   22.73825228214264
1.0   18.55887207388878
1.0   33.40001620352268
1.0   44.67415216565132
1.0   36.790551364421844
1.0   48.111085664480925
1.0   42.166440673172474
1.0   23.570945978164673
1.0   33.7025850713253
1.0   13.980241060256958
1.0   39.54221426695585
1.0   2.6564060151576996
1.0   6.600968182086945
1.0   25.376621425151825
1.0   25.714185513556004
AUC-ROC: 0.9505, AUC-PR: 0.9814
0.0   -5.212512342259288
0.0   -2.5713997334241867
0.0   -1.547829706221819
0.0   3.8669813573360443
0.0   -3.8862665873020887
0.0   0.9097876846790314
0.0   -2.358737150207162
0.0   -2.8313025441020727
0.0   2.1029904782772064
0.0   1.2924599200487137
0.0   -1.4655039571225643
0.0   -4.21021131798625
0.0   8.336359530687332
0.0   -2.2490681782364845
0.0   3.7505970150232315
0.0   -1.5621740221977234
0.0   -2.8319961251690984
0.0   -3.2313681337982416
0.0   -4.087393023073673
0.0   -2.6844850182533264
0.0   -2.9556998051702976
0.0   1.4901877492666245
0.0   -2.633197344839573
0.0   -3.1154683511704206
0.0   -2.0243778005242348
0.0   -4.3085023537278175
0.0   -4.502368241548538
0.0   -3.556482970714569
1.0   26.971937220543623
1.0   27.957091808319092
1.0   26.076832175254822
1.0   17.966084361076355
1.0   22.43940395116806
1.0   23.354939341545105
1.0   17.23475217819214
1.0   24.192325472831726
1.0   27.92610254511237
1.0   36.430019326508045
1.0   17.526814818382263
1.0   9.933152675628662
1.0   9.037035703659058
1.0   -3.6771078892052174
1.0   21.17988884449005
1.0   31.267445161938667
1.0   25.007311582565308
1.0   -1.2975075840950012
1.0   -0.8530484437942505
1.0   24.228820025920868
1.0   22.654569506645203
1.0   22.267174422740936
1.0   27.509423077106476
1.0   6.554807186126709
1.0   11.827469825744629
1.0   28.21382611989975
1.0   3.857018321752548
1.0   8.045694589614868
1.0   23.644077241420746
1.0   6.279215395450592
1.0   31.27331791818142
1.0   43.20230782032013
1.0   22.09997522830963
1.0   10.360133647918701
1.0   24.77175760269165
1.0   -1.3260526936501265
1.0   2.370118200778961
1.0   -1.0991432964801788
1.0   34.25711779296398
1.0   22.09626030921936
1.0   22.314754486083984
1.0   26.923096485435963
1.0   34.82292817905545
1.0   33.66038506105542
1.0   40.65642216429114
1.0   13.91401219367981
1.0   19.140848875045776
1.0   31.661734521389008
1.0   -1.1235704571008682
1.0   24.173248767852783
1.0   6.233672142028809
1.0   5.243891596794128
1.0   0.6128153204917908
1.0   0.19415384531021118
1.0   6.1006448566913605
1.0   18.441848874092102
1.0   16.281592309474945
1.0   27.86847898364067
1.0   36.309492379426956
1.0   30.309725672006607
1.0   37.258628129959106
1.0   34.24512921273708
1.0   20.377347588539124
1.0   28.98245060443878
1.0   10.903676271438599
1.0   34.469991356134415
1.0   1.0931023955345154
1.0   3.4973224401474
1.0   22.38323074579239
1.0   24.071943897753954
AUC-ROC: 0.9536, AUC-PR: 0.9824
0.0   -5.004750052466989
0.0   -2.352414947003126
0.0   -0.6030657589435577
0.0   4.0549309849739075
0.0   -3.761693966574967
0.0   2.6546726524829865
0.0   -2.239078376442194
0.0   -2.6320605166256428
0.0   4.133679658174515
0.0   2.4628565162420273
0.0   0.0001248568296432495
0.0   -3.7768629789352417
0.0   10.625464797019958
0.0   -1.9925152957439423
0.0   5.50606244802475
0.0   -0.4105025976896286
0.0   -2.4922214429825544
0.0   -2.650754714384675
0.0   -3.169972821138799
0.0   -2.4445438738912344
0.0   -2.2281058356165886
0.0   4.246827393770218
0.0   -1.8799105435609818
0.0   -2.7078083138912916
0.0   -1.5950706973671913
0.0   -3.5172106958925724
0.0   -4.054093171842396
0.0   -2.8934144619852304
1.0   28.996293783187866
1.0   32.50343643128872
1.0   27.69007980823517
1.0   20.639018297195435
1.0   22.932746648788452
1.0   25.5832781791687
1.0   18.3283269405365
1.0   23.746724605560303
1.0   30.169235557317734
1.0   37.10076482594013
1.0   18.029922425746918
1.0   12.052957773208618
1.0   10.483582019805908
1.0   -2.73249929305166
1.0   23.203016996383667
1.0   34.713272608816624
1.0   28.9774112701416
1.0   -0.15154892206192017
1.0   1.4826934337615967
1.0   26.424705177545547
1.0   27.61577296257019
1.0   27.3567875623703
1.0   31.16510307788849
1.0   8.826782703399658
1.0   13.134992003440857
1.0   34.11540004611015
1.0   5.991640210151672
1.0   7.993189454078674
1.0   27.637581169605255
1.0   9.545524597167969
1.0   34.51411999017
1.0   44.40097038075328
1.0   25.673542857170105
1.0   11.57981789112091
1.0   27.476327896118164
1.0   0.8007543981075287
1.0   3.6569092869758606
1.0   -0.19149506092071533
1.0   37.95568495243788
1.0   24.156959414482117
1.0   25.815030694007874
1.0   28.814522229135036
1.0   39.30615924298763
1.0   38.90458105877042
1.0   40.70986293628812
1.0   15.887398838996887
1.0   20.389613151550293
1.0   34.992193788290024
1.0   1.5820855498313904
1.0   24.947880148887634
1.0   6.8599114418029785
1.0   5.424258828163147
1.0   2.1999341547489166
1.0   2.0178693532943726
1.0   7.269183397293091
1.0   23.93513584136963
1.0   19.97268772125244
1.0   32.19892109185457
1.0   41.984952442348
1.0   32.908355072140694
1.0   42.30496998131275
1.0   38.874001532793045
1.0   22.136050701141357
1.0   32.13092881441116
1.0   13.725271463394165
1.0   36.20274664089084
1.0   2.186519995331764
1.0   8.26010012626648
1.0   23.9512722492218
1.0   26.841627810150385
AUC-ROC: 0.9520, AUC-PR: 0.9817
0.0   -4.7240494368597865
0.0   -2.039317473769188
0.0   -0.12322890758514404
0.0   3.501842826604843
0.0   -3.3015528172254562
0.0   2.2052963078022003
0.0   -2.366991437971592
0.0   -2.6281532226130366
0.0   3.335131049156189
0.0   1.2638694643974304
0.0   0.06298752129077911
0.0   -3.268810061737895
0.0   7.578320205211639
0.0   -2.2416304647922516
0.0   4.700793355703354
0.0   -0.8193928450345993
0.0   -2.3376975283026695
0.0   -2.217858277261257
0.0   -2.62000185996294
0.0   -1.9488236382603645
0.0   -2.399799082428217
0.0   2.885027229785919
0.0   -1.6905338764190674
0.0   -2.4899947829544544
0.0   -1.5103970617055893
0.0   -3.291701214388013
0.0   -3.619319905526936
0.0   -2.6038336819037795
1.0   26.757375983521342
1.0   31.149358235299587
1.0   26.283292770385742
1.0   18.791688919067383
1.0   22.6226986348629
1.0   22.79436308145523
1.0   17.32111406326294
1.0   24.14629203081131
1.0   27.22674792073667
1.0   35.21395572274923
1.0   17.808703064918518
1.0   10.157703042030334
1.0   8.89483654499054
1.0   -2.497388350777328
1.0   21.84315025806427
1.0   30.145063623785973
1.0   27.464221328496933
1.0   -0.2135150134563446
1.0   1.1343346983194351
1.0   26.82558800280094
1.0   25.65752810239792
1.0   26.76995849609375
1.0   30.51603415608406
1.0   9.333610534667969
1.0   14.297816753387451
1.0   32.11147564649582
1.0   4.1565753519535065
1.0   8.243423461914062
1.0   26.596164137125015
1.0   8.100648880004883
1.0   33.570078287273645
1.0   45.80206337943673
1.0   24.49332869052887
1.0   10.172515153884888
1.0   27.2170307636261
1.0   -0.4661189615726471
1.0   3.914556473493576
1.0   -0.28143319487571716
1.0   37.421569377183914
1.0   21.246237993240356
1.0   25.623618066310883
1.0   29.438089283183217
1.0   37.53733064606786
1.0   38.01257407478988
1.0   41.816947903484106
1.0   15.81437885761261
1.0   19.690780997276306
1.0   34.739946097135544
1.0   1.747821182012558
1.0   23.74047613143921
1.0   7.28425657749176
1.0   5.308537006378174
1.0   3.3621368408203125
1.0   2.0187544226646423
1.0   7.282018721103668
1.0   21.442887544631958
1.0   20.35703431069851
1.0   31.045804910361767
1.0   39.821022380143404
1.0   30.486957997083664
1.0   39.59621095471084
1.0   37.12336419522762
1.0   22.213710248470306
1.0   30.631191357970238
1.0   11.510236501693726
1.0   34.63666160032153
1.0   2.323096349835396
1.0   8.069675266742706
1.0   26.36055165529251
1.0   27.603959383442998
AUC-ROC: 0.9587, AUC-PR: 0.9847
0.0   -4.540485877543688
0.0   -0.5307161062955856
0.0   2.062046006321907
0.0   6.1329173147678375
0.0   -2.6149516869336367
0.0   4.259474039077759
0.0   -0.43745164573192596
0.0   -1.2228030115365982
0.0   5.428886592388153
0.0   5.051385000348091
0.0   2.890827015042305
0.0   -2.6335019767284393
0.0   10.35495901107788
0.0   -0.7960883229970932
0.0   5.934591189026833
0.0   1.2449173629283905
0.0   -0.4989374801516533
0.0   0.8728854209184647
0.0   -2.465470217168331
0.0   0.22977209091186523
0.0   -0.04245510697364807
0.0   7.15079790353775
0.0   -0.3124998062849045
0.0   -1.894304558634758
0.0   0.4250030741095543
0.0   -2.657403157558292
0.0   -2.884837280958891
0.0   -2.49631439615041
1.0   27.002163235098124
1.0   31.522550776600838
1.0   26.330841183662415
1.0   19.927752017974854
1.0   25.794456899166107
1.0   22.55128365755081
1.0   18.00557041168213
1.0   26.205618798732758
1.0   27.848825972527266
1.0   33.9021243005991
1.0   19.485851168632507
1.0   13.163081288337708
1.0   9.633779644966125
1.0   -2.2443208787590265
1.0   23.68836897611618
1.0   32.999542847275734
1.0   28.733108937740326
1.0   2.139406234025955
1.0   3.976100981235504
1.0   27.60727569460869
1.0   27.43462198972702
1.0   28.987667977809906
1.0   30.096808195114136
1.0   10.376176834106445
1.0   15.620055913925171
1.0   32.457512617111206
1.0   6.825321704149246
1.0   9.082916855812073
1.0   27.97544375061989
1.0   10.302101016044617
1.0   33.57663740962744
1.0   45.373632833361626
1.0   26.096122086048126
1.0   11.41118311882019
1.0   26.6044762134552
1.0   2.0278676003217697
1.0   5.202432096004486
1.0   1.570873573422432
1.0   38.39230137504637
1.0   22.233752250671387
1.0   27.906875550746918
1.0   31.101557232439518
1.0   39.034348513931036
1.0   38.4607810638845
1.0   40.971682861447334
1.0   17.201603293418884
1.0   20.984747648239136
1.0   33.841371446847916
1.0   4.356222093105316
1.0   24.094629675149918
1.0   8.53883159160614
1.0   6.864590525627136
1.0   5.234224081039429
1.0   3.395666241645813
1.0   9.429375112056732
1.0   22.48155915737152
1.0   22.67438969016075
1.0   31.644374016672373
1.0   39.56287322938442
1.0   30.11260461807251
1.0   40.051508244127035
1.0   37.93624596297741
1.0   22.23239439725876
1.0   30.909948974847794
1.0   12.793822526931763
1.0   33.645188111811876
1.0   4.936760634183884
1.0   10.874237060546875
1.0   27.58518460392952
1.0   27.975284073501825
AUC-ROC: 0.9531, AUC-PR: 0.9823
0.0   -4.926189186051488
0.0   -2.031009156256914
0.0   -1.5292353183031082
0.0   1.8461528420448303
0.0   -3.47938896343112
0.0   1.437846302986145
0.0   -2.442286688834429
0.0   -2.7744048815220594
0.0   2.713505655527115
0.0   1.0315277874469757
0.0   -0.5377408862113953
0.0   -3.435827987268567
0.0   8.124307096004486
0.0   -2.6120305191725492
0.0   3.3618465662002563
0.0   -1.5943786557763815
0.0   -2.253202222287655
0.0   -1.9702748656272888
0.0   -2.847688838839531
0.0   -1.6969699412584305
0.0   -2.5953706428408623
0.0   3.236667439341545
0.0   -1.6861006170511246
0.0   -2.575091461651027
0.0   -1.4673000574111938
0.0   -3.5952719124034047
0.0   -3.8630223218351603
0.0   -2.714095245115459
1.0   25.980778608471155
1.0   28.551254719495773
1.0   24.014541625976562
1.0   16.82621920108795
1.0   21.525159418582916
1.0   21.14031744003296
1.0   15.484605312347412
1.0   20.821401834487915
1.0   25.376741042360663
1.0   34.034796223044395
1.0   16.62408947944641
1.0   10.58371651172638
1.0   6.64309298992157
1.0   -2.5945006227120757
1.0   20.355126082897186
1.0   29.513766586780548
1.0   23.53166311979294
1.0   -1.2544562220573425
1.0   -0.47956010699272156
1.0   27.77929876744747
1.0   27.770537495613098
1.0   28.756873190402985
1.0   31.100977301597595
1.0   8.268187880516052
1.0   15.333544254302979
1.0   33.40011125802994
1.0   6.777750253677368
1.0   8.689966559410095
1.0   28.472803086042404
1.0   10.776212275028229
1.0   35.24992347881198
1.0   46.63683034107089
1.0   26.171287894248962
1.0   10.825601696968079
1.0   27.31618356704712
1.0   1.6501479297876358
1.0   4.350329279899597
1.0   0.565580740571022
1.0   35.9728440977633
1.0   23.814123392105103
1.0   25.751084685325623
1.0   30.504060093313456
1.0   39.175128638744354
1.0   38.39418815821409
1.0   40.932081781327724
1.0   17.48500120639801
1.0   21.29986011981964
1.0   34.47247013449669
1.0   2.1911540031433105
1.0   24.227123945951462
1.0   8.071489334106445
1.0   6.106831908226013
1.0   3.9461055397987366
1.0   4.19316565990448
1.0   8.955760031938553
1.0   22.34672451019287
1.0   21.615775123238564
1.0   31.486255437135696
1.0   42.66775745525956
1.0   30.16233640909195
1.0   42.832007062621415
1.0   38.836421109735966
1.0   22.708318412303925
1.0   33.10952216386795
1.0   13.20927619934082
1.0   33.95445927977562
1.0   2.9022934287786484
1.0   10.58240032196045
1.0   26.159124314785004
1.0   27.1013251170516
AUC-ROC: 0.9699, AUC-PR: 0.9888
0.0   -4.982887331396341
0.0   -1.853125900030136
0.0   -1.67193903028965
0.0   1.6763860583305359
0.0   -3.68589317984879
0.0   2.3394701927900314
0.0   -2.5336988642811775
0.0   -2.786229496821761
0.0   1.2333452105522156
0.0   -1.4893900230526924
0.0   -0.38308101892471313
0.0   -3.730413034558296
0.0   4.299403339624405
0.0   -2.721818926744163
0.0   4.845509022474289
0.0   -1.9957292303442955
0.0   -2.4762601545080543
0.0   -1.7417741045355797
0.0   -3.388480053283274
0.0   -1.74790508300066
0.0   -2.773527029901743
0.0   0.026395469903945923
0.0   -1.9864022843539715
0.0   -2.7131878323853016
0.0   -0.8707623891532421
0.0   -3.8535541500896215
0.0   -4.049548238515854
0.0   -3.0114069171249866
1.0   22.90956929884851
1.0   28.33823172748089
1.0   22.031043767929077
1.0   13.272665858268738
1.0   23.982740208506584
1.0   18.31155675649643
1.0   17.10874342918396
1.0   24.72936737537384
1.0   27.7192888520658
1.0   31.01402749121189
1.0   15.162254869937897
1.0   11.468485474586487
1.0   8.05563223361969
1.0   -2.9633292136713862
1.0   24.116211116313934
1.0   31.132680386304855
1.0   23.999365270137787
1.0   -1.4092611819505692
1.0   -0.8855356480926275
1.0   24.50320639461279
1.0   28.008595287799835
1.0   28.65680703520775
1.0   32.37138134241104
1.0   10.600526034832
1.0   15.704150915145874
1.0   34.00212186574936
1.0   7.704058825969696
1.0   9.392036855220795
1.0   27.036279410123825
1.0   10.281077265739441
1.0   35.2541446685791
1.0   46.79636148363352
1.0   27.104343473911285
1.0   9.162168622016907
1.0   27.649932622909546
1.0   -0.008905380964279175
1.0   4.0934251844882965
1.0   -0.36358313262462616
1.0   34.30790001899004
1.0   23.22641146183014
1.0   25.227960228919983
1.0   30.694993428885937
1.0   38.75738623831421
1.0   37.442646734416485
1.0   40.47820032760501
1.0   19.44169133901596
1.0   21.654699683189392
1.0   35.17617243528366
1.0   1.1099693477153778
1.0   23.892516508698463
1.0   8.052852869033813
1.0   5.039265871047974
1.0   4.332203686237335
1.0   4.799527168273926
1.0   8.306965172290802
1.0   23.287933349609375
1.0   22.090779326856136
1.0   31.35669158399105
1.0   42.94904463738203
1.0   29.99298892915249
1.0   42.235829268582165
1.0   37.68724565953016
1.0   23.25527548789978
1.0   32.7172709107399
1.0   12.718004703521729
1.0   33.63792451843619
1.0   2.18528151512146
1.0   10.380667626857758
1.0   24.658867478370667
1.0   25.393198186531663
AUC-ROC: 0.9689, AUC-PR: 0.9888
0.0   -5.048102386295795
0.0   -2.2691904697567225
0.0   -2.3433430595323443
0.0   -1.2554664313793182
0.0   -4.307238752022386
0.0   1.2120708227157593
0.0   -2.7541121542453766
0.0   -2.777359158731997
0.0   2.5138393342494965
0.0   -2.055101290345192
0.0   -1.4925624877214432
0.0   -4.18434926122427
0.0   2.3893811106681824
0.0   -3.3408091347664595
0.0   2.972930669784546
0.0   -2.53433826752007
0.0   -2.5312813064083457
0.0   -2.420930041000247
0.0   -3.8129070540890098
0.0   -2.2382515724748373
0.0   -3.268150005489588
0.0   0.6039125919342041
0.0   -1.3721473067998886
0.0   -3.0962937735021114
0.0   -2.1469125412404537
0.0   -4.067221377044916
0.0   -4.340418370440602
0.0   -3.3768962789326906
1.0   28.646711609326303
1.0   30.933679139241576
1.0   25.24789947271347
1.0   17.793154895305634
1.0   19.442884743213654
1.0   21.364362597465515
1.0   15.034775733947754
1.0   19.03890037536621
1.0   26.42423001676798
1.0   33.58826792985201
1.0   19.447137266397476
1.0   7.9587167501449585
1.0   7.941191077232361
1.0   -3.174606639891863
1.0   18.401984870433807
1.0   27.07351118326187
1.0   23.48051804304123
1.0   -2.2041128678247333
1.0   -0.5900508761405945
1.0   30.492035638540983
1.0   27.714408040046692
1.0   27.36574935913086
1.0   32.157258562743664
1.0   10.270871877670288
1.0   15.335915684700012
1.0   34.57135808467865
1.0   7.393535643815994
1.0   9.640941560268402
1.0   26.292068049311638
1.0   9.140029639005661
1.0   35.73051304742694
1.0   48.00129869952798
1.0   26.156023263931274
1.0   9.975826919078827
1.0   27.088217735290527
1.0   0.0693235695362091
1.0   4.43901401758194
1.0   -0.39303354918956757
1.0   33.77267912775278
1.0   22.847123384475708
1.0   23.356773912906647
1.0   31.267841055989265
1.0   38.80186752229929
1.0   36.84292416460812
1.0   41.93366456590593
1.0   19.043210327625275
1.0   22.196508824825287
1.0   34.939638525247574
1.0   -0.5511685013771057
1.0   23.258754059672356
1.0   8.395186066627502
1.0   5.436730802059174
1.0   4.52935203909874
1.0   5.853984236717224
1.0   8.860069155693054
1.0   21.9166277050972
1.0   22.306407421827316
1.0   30.29363676160574
1.0   43.82456613518298
1.0   28.05653202533722
1.0   41.55591703299433
1.0   36.768831968307495
1.0   23.008709222078323
1.0   33.825170677155256
1.0   11.886106729507446
1.0   32.597390823066235
1.0   2.2043269276618958
1.0   11.293726444244385
1.0   25.18304654955864
1.0   25.70660394988954
AUC-ROC: 0.9735, AUC-PR: 0.9905
0.0   -5.444043366238475
0.0   -2.9799019740894437
0.0   -3.1079749381169677
0.0   -2.2588613033294678
0.0   -5.055542611517012
0.0   1.9291401654481888
0.0   -3.8276443197391927
0.0   -4.034361730795354
0.0   1.9090485274791718
0.0   -2.8515017423778772
0.0   -1.6951750963926315
0.0   -4.946160635910928
0.0   0.7223978936672211
0.0   -4.405968562234193
0.0   3.787980005145073
0.0   -3.275851432234049
0.0   -2.9518717164173722
0.0   -2.8109475541859865
0.0   -4.5947167300619185
0.0   -2.639184031635523
0.0   -4.298526701517403
0.0   -0.17141074687242508
0.0   -1.5844521597027779
0.0   -4.3837541956454515
0.0   -2.1064547300338745
0.0   -4.684168263338506
0.0   -4.88655424490571
0.0   -4.1132797668688
1.0   29.998237455263734
1.0   30.917773872613907
1.0   23.722585320472717
1.0   16.46211129426956
1.0   18.688467651605606
1.0   21.00967586040497
1.0   15.31874704360962
1.0   21.26376461982727
1.0   27.110824868083
1.0   32.357120864093304
1.0   16.408537954092026
1.0   9.223829567432404
1.0   8.19688618183136
1.0   -3.9149488136172295
1.0   23.599729180336
1.0   28.56368613243103
1.0   25.543848872184753
1.0   -2.7216341854073107
1.0   -0.8582114055752754
1.0   29.991424411535263
1.0   25.12004989385605
1.0   26.36586657166481
1.0   30.126286402344704
1.0   8.086075067520142
1.0   15.084708213806152
1.0   33.69560565054417
1.0   5.082370549440384
1.0   8.657339990139008
1.0   25.417325645685196
1.0   7.143561780452728
1.0   34.583632938563824
1.0   47.222235636785626
1.0   24.04334944486618
1.0   10.314084708690643
1.0   26.352409720420837
1.0   -0.4080278277397156
1.0   3.681876242160797
1.0   -1.2386729344725609
1.0   33.65940167941153
1.0   22.47119414806366
1.0   21.279633402824402
1.0   32.28600129112601
1.0   37.941977048292756
1.0   35.586574433371425
1.0   42.53720608539879
1.0   19.028555810451508
1.0   21.75078511238098
1.0   33.96861019730568
1.0   -1.407961517572403
1.0   24.4583388119936
1.0   7.623648643493652
1.0   5.91982364654541
1.0   3.433700293302536
1.0   3.6220920085906982
1.0   8.070152163505554
1.0   18.558050632476807
1.0   20.912461072206497
1.0   29.03873559832573
1.0   41.651698004454374
1.0   26.03531375527382
1.0   41.08784285001457
1.0   35.538889057934284
1.0   21.152610182762146
1.0   32.793028742074966
1.0   10.291645765304565
1.0   31.421063788235188
1.0   1.4674039781093597
1.0   8.837683320045471
1.0   23.67963057756424
1.0   22.720473425462842
AUC-ROC: 0.9730, AUC-PR: 0.9901
0.0   -5.247744957916439
0.0   -2.1750276684761047
0.0   -2.6541759967803955
0.0   -1.2716031819581985
0.0   -4.803859823383391
0.0   2.0335870385169983
0.0   -3.257270040921867
0.0   -3.5267352275550365
0.0   2.9342616498470306
0.0   -2.8938811775296926
0.0   -0.9509951025247574
0.0   -4.565536733716726
0.0   -0.2576426863670349
0.0   -4.071198515594006
0.0   4.502188801765442
0.0   -2.7734430506825447
0.0   -2.034017115831375
0.0   -1.3735805228352547
0.0   -3.797580784652382
0.0   -2.0163504332304
0.0   -3.582685091998428
0.0   1.06455397605896
0.0   -0.6000138521194458
0.0   -3.644386208616197
0.0   -1.86147053912282
0.0   -4.021270785946399
0.0   -4.562014480121434
0.0   -3.4623974822461605
1.0   28.550423810258508
1.0   30.067508816719055
1.0   22.006938576698303
1.0   16.694363683462143
1.0   20.474232405424118
1.0   19.524675369262695
1.0   15.705936431884766
1.0   21.663444578647614
1.0   25.54451846703887
1.0   30.817669078707695
1.0   17.568169236183167
1.0   9.503690481185913
1.0   8.974644303321838
1.0   -3.0664544189348817
1.0   23.43690061569214
1.0   28.712565571069717
1.0   23.984767735004425
1.0   -2.279938444495201
1.0   -0.8046398907899857
1.0   28.521495297551155
1.0   24.78842532634735
1.0   26.605287075042725
1.0   30.420403569936752
1.0   6.280447840690613
1.0   11.976389527320862
1.0   33.79133075475693
1.0   5.445708274841309
1.0   7.05611252784729
1.0   26.74757981300354
1.0   7.954523980617523
1.0   35.79974286258221
1.0   44.07098589465022
1.0   24.84982120990753
1.0   7.9525505900383
1.0   26.07641112804413
1.0   0.05518338084220886
1.0   3.8118884563446045
1.0   -0.0356411337852478
1.0   32.59262029081583
1.0   21.24720859527588
1.0   20.544744849205017
1.0   28.15186607092619
1.0   38.07472354359925
1.0   37.344144608825445
1.0   37.26098145917058
1.0   17.064025044441223
1.0   18.204910457134247
1.0   32.27000159025192
1.0   0.38869433104991913
1.0   19.719255328178406
1.0   5.067567229270935
1.0   3.6531498432159424
1.0   2.469005525112152
1.0   4.232781171798706
1.0   6.352904170751572
1.0   18.26524531841278
1.0   19.42889504134655
1.0   28.81386360526085
1.0   39.254660403355956
1.0   26.306057631969452
1.0   41.06962104141712
1.0   37.22002363204956
1.0   18.33169311285019
1.0   28.386529624462128
1.0   10.290159225463867
1.0   29.303373992443085
1.0   0.4290768653154373
1.0   9.423578023910522
1.0   22.770855128765106
1.0   22.10765692219138
AUC-ROC: 0.9714, AUC-PR: 0.9895
0.0   -5.184769434854388
0.0   -2.1531795263290405
0.0   -2.599327301606536
0.0   -1.6767612993717194
0.0   -4.663788033183664
0.0   0.9063902199268341
0.0   -3.048597880639136
0.0   -3.347744814120233
0.0   1.5019446313381195
0.0   -2.8375090397894382
0.0   -1.5394975990056992
0.0   -4.347946242894977
0.0   0.560563713312149
0.0   -3.836196815595031
0.0   3.470383107662201
0.0   -2.6354232784360647
0.0   -2.4189324392937124
0.0   -1.6425389721989632
0.0   -3.448390734847635
0.0   -1.8759123086929321
0.0   -3.42921622749418
0.0   1.3790974915027618
0.0   -1.8003881573677063
0.0   -3.4281777096912265
0.0   -1.733021356165409
0.0   -4.12558192294091
0.0   -4.495000101625919
0.0   -3.465935405343771
1.0   26.286813613492996
1.0   26.635283149778843
1.0   23.44674265384674
1.0   16.8237846493721
1.0   21.511812686920166
1.0   20.752948224544525
1.0   14.427507400512695
1.0   20.99910145998001
1.0   26.707434356212616
1.0   30.759817108511925
1.0   15.371249079704285
1.0   9.661662101745605
1.0   6.464109301567078
1.0   -2.995966543443501
1.0   22.709096670150757
1.0   29.695933640003204
1.0   21.834115087985992
1.0   -2.458187240641564
1.0   -0.9107676148414612
1.0   26.590708628296852
1.0   24.222240447998047
1.0   25.44643399119377
1.0   28.362257450819016
1.0   5.26472020149231
1.0   11.731849431991577
1.0   32.90709199011326
1.0   5.941735565662384
1.0   6.922897577285767
1.0   26.642944395542145
1.0   7.2605544328689575
1.0   34.120681123808026
1.0   43.97990642301738
1.0   24.74077671766281
1.0   8.843839347362518
1.0   26.60079598426819
1.0   -0.25289953500032425
1.0   3.5595916509628296
1.0   -0.35139088332653046
1.0   33.32526610419154
1.0   21.039491653442383
1.0   20.715133905410767
1.0   30.159685757011175
1.0   36.98557387199253
1.0   36.806253453250974
1.0   39.85857691988349
1.0   13.792179226875305
1.0   19.88466238975525
1.0   30.16456776857376
1.0   -0.2750716805458069
1.0   19.732550472021103
1.0   6.354092717170715
1.0   4.808874547481537
1.0   2.3242099285125732
1.0   4.41597580909729
1.0   8.57509332895279
1.0   17.53763699531555
1.0   18.987608954310417
1.0   28.362798284739256
1.0   38.335082994773984
1.0   24.510307013988495
1.0   39.632931197062135
1.0   35.91053166240454
1.0   17.863862693309784
1.0   29.31026864051819
1.0   10.156720042228699
1.0   27.034651562571526
1.0   1.2031674832105637
1.0   10.535319089889526
1.0   24.495901882648468
1.0   25.080575296655297
AUC-ROC: 0.9730, AUC-PR: 0.9902
0.0   -5.10029027517885
0.0   -2.1620553778484464
0.0   -2.448205356951803
0.0   -1.746338939294219
0.0   -4.471544767729938
0.0   1.8416117131710052
0.0   -2.8069365732371807
0.0   -3.0406854283064604
0.0   3.247566297650337
0.0   -2.501431941986084
0.0   -0.7728100121021271
0.0   -4.133428353816271
0.0   1.3106445372104645
0.0   -3.562269823625684
0.0   3.788372665643692
0.0   -2.552593743428588
0.0   -2.1676919907331467
0.0   -2.105069536715746
0.0   -3.1840381594374776
0.0   -1.8591232523322105
0.0   -3.1794627690687776
0.0   1.9678668901324272
0.0   -0.7040540874004364
0.0   -3.1757440716028214
0.0   -2.131242388859391
0.0   -3.8701905654743314
0.0   -4.379115481395274
0.0   -3.1473029935732484
1.0   28.381472513079643
1.0   30.659198954701424
1.0   25.1640784740448
1.0   19.35076940059662
1.0   17.941050745546818
1.0   21.771007895469666
1.0   15.197777032852173
1.0   19.720133543014526
1.0   25.738542295992374
1.0   31.58091241121292
1.0   19.070545181632042
1.0   6.125436425209045
1.0   8.572492241859436
1.0   -2.7009227671660483
1.0   19.907511830329895
1.0   24.654863446950912
1.0   24.948447465896606
1.0   -2.241627473384142
1.0   0.36904357373714447
1.0   29.46497679501772
1.0   23.92774885892868
1.0   26.28782308101654
1.0   29.766184598207474
1.0   6.463115811347961
1.0   11.782631039619446
1.0   33.45488600432873
1.0   5.536472737789154
1.0   7.208866894245148
1.0   25.35388284921646
1.0   7.096202552318573
1.0   35.49992508068681
1.0   43.80385070107877
1.0   24.001819729804993
1.0   9.508230686187744
1.0   25.179532051086426
1.0   0.44610410183668137
1.0   3.768296718597412
1.0   -0.3441914916038513
1.0   32.44302489981055
1.0   21.617064833641052
1.0   20.440831273794174
1.0   30.422473095357418
1.0   38.34410337358713
1.0   36.08742417860776
1.0   40.11163916066289
1.0   17.814837753772736
1.0   20.01385122537613
1.0   33.04537305235863
1.0   -0.4408017694950104
1.0   19.667111992836
1.0   6.358214378356934
1.0   5.291930317878723
1.0   2.2970612347126007
1.0   4.8506468534469604
1.0   8.947834134101868
1.0   16.911468982696533
1.0   19.24119421839714
1.0   27.45948101580143
1.0   39.296826941892505
1.0   26.574419736862183
1.0   39.48871521651745
1.0   34.709596760571
1.0   19.01146274805069
1.0   29.867313750088215
1.0   9.651271343231201
1.0   29.43313105031848
1.0   1.4695419520139694
1.0   11.607852458953857
1.0   25.445506811141968
1.0   24.83364411443472
AUC-ROC: 0.9714, AUC-PR: 0.9896
0.0   -4.994268862530589
0.0   -1.9276544973254204
0.0   -2.221466370858252
0.0   -1.0997097790241241
0.0   -4.328563758172095
0.0   2.010061889886856
0.0   -2.7522097332403064
0.0   -2.8453456377610564
0.0   3.492730990052223
0.0   -2.1402352154254913
0.0   -0.7815007418394089
0.0   -3.9224180676974356
0.0   1.91376531124115
0.0   -3.387346150353551
0.0   4.152421101927757
0.0   -2.390757732093334
0.0   -2.0556638538837433
0.0   -1.9606618396937847
0.0   -3.0483301300555468
0.0   -1.7078700149431825
0.0   -2.9873913368210196
0.0   2.6857815086841583
0.0   -0.5362004637718201
0.0   -2.8326546126045287
0.0   -1.4589337445795536
0.0   -3.614091663621366
0.0   -4.242906847037375
0.0   -2.915727817453444
1.0   28.852478235960007
1.0   30.02154102176428
1.0   26.059631645679474
1.0   20.829060286283493
1.0   22.31704568117857
1.0   22.741091549396515
1.0   16.01625943183899
1.0   22.31692284345627
1.0   27.306763131171465
1.0   31.995475748553872
1.0   21.270321778953075
1.0   8.75210851430893
1.0   8.609840393066406
1.0   -2.60056214267388
1.0   21.048025906085968
1.0   28.13242408633232
1.0   25.492656886577606
1.0   -2.107605166733265
1.0   1.1109161227941513
1.0   29.458352901041508
1.0   26.04601499438286
1.0   26.831781178712845
1.0   29.1366079300642
1.0   8.53444755077362
1.0   12.567654371261597
1.0   33.74438592791557
1.0   7.461209535598755
1.0   8.24348908662796
1.0   25.728567510843277
1.0   7.650064826011658
1.0   34.34065152704716
1.0   43.9097686894238
1.0   25.315255731344223
1.0   9.156004428863525
1.0   25.194610595703125
1.0   0.31235262751579285
1.0   3.645624965429306
1.0   0.10836978256702423
1.0   32.40691600367427
1.0   21.664023995399475
1.0   23.027279555797577
1.0   30.58421352878213
1.0   37.68187569221482
1.0   36.6477238945663
1.0   40.35738242045045
1.0   18.50031352043152
1.0   20.18901389837265
1.0   33.487094685435295
1.0   -0.382276326417923
1.0   20.783601127564907
1.0   6.506974458694458
1.0   5.228157043457031
1.0   3.3411255478858948
1.0   5.183433294296265
1.0   9.306893408298492
1.0   18.676052808761597
1.0   20.379371784627438
1.0   29.00063818320632
1.0   38.2665957538411
1.0   26.710844665765762
1.0   39.284495481755584
1.0   35.60588342696428
1.0   20.030661404132843
1.0   28.90887812152505
1.0   10.727079153060913
1.0   29.702643007040024
1.0   1.946537733078003
1.0   12.361397564411163
1.0   25.618235543370247
1.0   25.722760878503323
AUC-ROC: 0.9714, AUC-PR: 0.9896
0.0   -4.957038913387805
0.0   -1.7134101698175073
0.0   -2.07166669331491
0.0   -1.1515619093552232
0.0   -4.155703675933182
0.0   2.619522526860237
0.0   -2.735772547777742
0.0   -2.867168136872351
0.0   3.882553666830063
0.0   -1.8226880580186844
0.0   0.2759558707475662
0.0   -3.691809169948101
0.0   2.9508274495601654
0.0   -3.2835914185270667
0.0   4.075234353542328
0.0   -2.2620864980854094
0.0   -1.6597564816474915
0.0   -1.5746760480105877
0.0   -2.6979872416704893
0.0   -1.1145867258310318
0.0   -2.7544451085850596
0.0   4.080850429832935
0.0   0.14977435767650604
0.0   -2.6564650340005755
0.0   -1.7302235923707485
0.0   -3.349189248867333
0.0   -4.10447193775326
0.0   -2.7105379183776677
1.0   28.4835254419595
1.0   30.37631785310805
1.0   26.04615068435669
1.0   21.206551045179367
1.0   21.919032394886017
1.0   22.663951873779297
1.0   15.549860835075378
1.0   21.034588277339935
1.0   27.740977060049772
1.0   31.66042492352426
1.0   21.329479418694973
1.0   9.149789333343506
1.0   8.445430636405945
1.0   -2.529399339109659
1.0   20.513105809688568
1.0   29.63590732216835
1.0   25.57716602087021
1.0   -1.7294559627771378
1.0   1.5637245774269104
1.0   29.269800931215286
1.0   25.622731149196625
1.0   27.470876097679138
1.0   29.91096056252718
1.0   8.333205342292786
1.0   11.974182724952698
1.0   33.7777670994401
1.0   7.7389222383499146
1.0   8.404330134391785
1.0   26.156084328889847
1.0   8.156431019306183
1.0   35.392611127346754
1.0   42.91500300168991
1.0   25.622594833374023
1.0   8.042993426322937
1.0   26.998677968978882
1.0   1.1525663882493973
1.0   3.3357995748519897
1.0   0.5874882489442825
1.0   34.62019924260676
1.0   22.699981451034546
1.0   22.924471735954285
1.0   28.286172918975353
1.0   39.11420981725678
1.0   36.78432149067521
1.0   37.14649302326143
1.0   18.44586741924286
1.0   18.746314525604248
1.0   32.7679079324007
1.0   1.0298579931259155
1.0   20.180070474743843
1.0   5.574620723724365
1.0   4.667172193527222
1.0   3.4241275787353516
1.0   6.389989137649536
1.0   7.97637665271759
1.0   18.67576539516449
1.0   20.36288869380951
1.0   28.910864409059286
1.0   39.17721450328827
1.0   26.757837906479836
1.0   40.457696308381855
1.0   35.36276397109032
1.0   19.303207218647003
1.0   28.490472570061684
1.0   10.994952917098999
1.0   28.75869607925415
1.0   1.18628890812397
1.0   13.075755774974823
1.0   26.7323939204216
1.0   26.30773874744773
AUC-ROC: 0.9699, AUC-PR: 0.9889
0.0   -5.1666228557005525
0.0   -1.4386523067951202
0.0   -1.9340433180332184
0.0   -0.8107631802558899
0.0   -4.644790600053966
0.0   2.454667314887047
0.0   -3.028268320951611
0.0   -3.324010335840285
0.0   3.073784217238426
0.0   -2.558927960693836
0.0   -0.15684060752391815
0.0   -4.18129525333643
0.0   1.8596563935279846
0.0   -3.7594064380973577
0.0   5.179248362779617
0.0   -2.4807470366358757
0.0   -2.0168009400367737
0.0   -1.170110136270523
0.0   -3.4023428135551512
0.0   -1.052926741540432
0.0   -3.2580044511705637
0.0   2.338950350880623
0.0   -0.5754678696393967
0.0   -3.158957722131163
0.0   -1.0026066042482853
0.0   -3.9643096551299095
0.0   -4.467537182383239
0.0   -3.27107169944793
1.0   28.73441529739648
1.0   29.514052176848054
1.0   24.954875707626343
1.0   19.741975605487823
1.0   23.986927770078182
1.0   22.128597736358643
1.0   17.432777285575867
1.0   24.836287021636963
1.0   28.34225318208337
1.0   31.455551274120808
1.0   20.84462270140648
1.0   10.67062097787857
1.0   9.018784761428833
1.0   -2.8970178882591426
1.0   23.45622318983078
1.0   30.361728191375732
1.0   25.736113131046295
1.0   -2.042157217860222
1.0   0.7369230538606644
1.0   28.856503009796143
1.0   24.252289652824402
1.0   25.457704722881317
1.0   29.9699946641922
1.0   8.191745400428772
1.0   11.62881314754486
1.0   32.46737591922283
1.0   5.4717250764369965
1.0   8.31724739074707
1.0   24.81949481368065
1.0   6.012003511190414
1.0   35.51562207005918
1.0   44.053811928257346
1.0   24.291867315769196
1.0   7.653516232967377
1.0   25.982873916625977
1.0   -1.031033143401146
1.0   3.1888983249664307
1.0   -0.6241815537214279
1.0   32.8215080332011
1.0   22.07747209072113
1.0   21.879304379224777
1.0   29.613152069970965
1.0   38.21481497539207
1.0   35.66046196594834
1.0   39.5771878734231
1.0   17.85215300321579
1.0   18.467903792858124
1.0   33.45389278233051
1.0   -0.6026545763015747
1.0   19.041606843471527
1.0   5.488924026489258
1.0   4.07460880279541
1.0   2.3971904814243317
1.0   5.721798777580261
1.0   7.8468014895915985
1.0   17.06300050020218
1.0   19.106281638145447
1.0   27.904405936598778
1.0   38.29484250117093
1.0   27.370639607310295
1.0   38.40844926703721
1.0   34.35717695206404
1.0   19.49395751953125
1.0   28.77676649391651
1.0   9.296929597854614
1.0   30.105516515672207
1.0   0.5687683820724487
1.0   10.430418312549591
1.0   25.030761420726776
1.0   24.370756961405277
AUC-ROC: 0.9653, AUC-PR: 0.9874
0.0   -5.224971575662494
0.0   -1.4528365433216095
0.0   -1.7417545691132545
0.0   -0.3124537169933319
0.0   -4.705582199152559
0.0   2.8321555852890015
0.0   -3.12481627240777
0.0   -3.4254490239545703
0.0   2.417351081967354
0.0   -2.4345590993762016
0.0   0.5550501048564911
0.0   -4.188353412784636
0.0   1.9221020340919495
0.0   -3.9130650460720062
0.0   5.26827509701252
0.0   -2.1208090148866177
0.0   -1.7646171152591705
0.0   -1.3945054560899734
0.0   -3.500997812487185
0.0   -0.9211774915456772
0.0   -3.3348702490329742
0.0   2.8278443962335587
0.0   -0.6259036511182785
0.0   -3.3208429883234203
0.0   -0.9555410034954548
0.0   -3.8293043142184615
0.0   -4.507863742765039
0.0   -3.2010082537308335
1.0   28.104634754359722
1.0   28.97369145974517
1.0   23.688178300857544
1.0   19.118948101997375
1.0   22.37854566425085
1.0   21.1967191696167
1.0   16.731784105300903
1.0   23.509055197238922
1.0   27.213528817519546
1.0   30.28837437927723
1.0   19.229839593172073
1.0   9.69547426700592
1.0   8.805442810058594
1.0   -2.9343734327703714
1.0   23.15550309419632
1.0   29.428869247436523
1.0   25.298607349395752
1.0   -1.6822876334190369
1.0   0.4571041166782379
1.0   27.793833702802658
1.0   24.930968284606934
1.0   26.567978590726852
1.0   29.434988796710968
1.0   7.644766688346863
1.0   9.571157097816467
1.0   32.85042315721512
1.0   6.810350179672241
1.0   6.852504789829254
1.0   25.93860173225403
1.0   7.3694868683815
1.0   34.97485073283315
1.0   40.297992669045925
1.0   25.130723774433136
1.0   6.759857177734375
1.0   26.218252658843994
1.0   0.12771358340978622
1.0   2.539053291082382
1.0   0.5933351665735245
1.0   33.404082365334034
1.0   20.453571319580078
1.0   22.67469298839569
1.0   26.818432588130236
1.0   38.21500347927213
1.0   36.254665224812925
1.0   34.835298642516136
1.0   17.112696826457977
1.0   15.271818220615387
1.0   31.9643794298172
1.0   0.7319723963737488
1.0   17.877962574362755
1.0   4.776858329772949
1.0   3.839852452278137
1.0   2.651839017868042
1.0   5.726327061653137
1.0   6.627726271748543
1.0   17.872263431549072
1.0   18.051172271370888
1.0   28.17551165819168
1.0   37.87680998817086
1.0   26.73500418663025
1.0   39.72869519330561
1.0   34.91040816903114
1.0   17.837818324565887
1.0   27.200506433844566
1.0   10.54336953163147
1.0   29.394352599978447
1.0   1.1013432517647743
1.0   11.31919276714325
1.0   25.10474506020546
1.0   22.20184099674225
AUC-ROC: 0.9679, AUC-PR: 0.9881
0.0   -5.048639548011124
0.0   -1.8107165843248367
0.0   -2.241690181195736
0.0   -1.1364689618349075
0.0   -4.366695235017687
0.0   2.365257829427719
0.0   -2.780361763201654
0.0   -2.9770157439634204
0.0   2.722124397754669
0.0   -2.234646439552307
0.0   -0.04854254424571991
0.0   -3.8761909008026123
0.0   2.195716768503189
0.0   -3.5226046163588762
0.0   4.088017046451569
0.0   -2.4610485769808292
0.0   -2.159176265820861
0.0   -1.6719916686415672
0.0   -2.9951193928718567
0.0   -1.2484058141708374
0.0   -2.9933553114533424
0.0   3.722464010119438
0.0   -0.8189333230257034
0.0   -2.8996390756219625
0.0   -1.4567270539700985
0.0   -3.5046558873727918
0.0   -4.248041103594005
0.0   -2.8375511756166816
1.0   27.780869625508785
1.0   28.131804320961237
1.0   25.047043561935425
1.0   20.000306487083435
1.0   23.10108533501625
1.0   21.858389735221863
1.0   14.830705642700195
1.0   22.554802298545837
1.0   27.373153114691377
1.0   31.045865584164858
1.0   19.856068968772888
1.0   9.752407848834991
1.0   7.798989534378052
1.0   -2.581544393673539
1.0   21.968945801258087
1.0   29.896105736494064
1.0   24.288935720920563
1.0   -2.010798767209053
1.0   0.3643654137849808
1.0   28.19870164245367
1.0   23.296158611774445
1.0   25.57878229022026
1.0   29.02435791492462
1.0   8.996636986732483
1.0   13.206170558929443
1.0   32.61087825894356
1.0   6.1686806082725525
1.0   8.452346622943878
1.0   23.855982035398483
1.0   6.31989261507988
1.0   34.799004066735506
1.0   44.40407927520573
1.0   23.055838316679
1.0   9.41880214214325
1.0   23.082353830337524
1.0   0.7650939375162125
1.0   3.5750326812267303
1.0   0.0953407883644104
1.0   30.88818939588964
1.0   22.63649570941925
1.0   20.34452998638153
1.0   30.373868014663458
1.0   37.895422875881195
1.0   34.668058488518
1.0   39.50642226450145
1.0   19.565927624702454
1.0   19.908979296684265
1.0   34.32529374957085
1.0   -0.432760626077652
1.0   21.54869893193245
1.0   6.351589560508728
1.0   5.284364640712738
1.0   4.097949326038361
1.0   5.8051416873931885
1.0   9.190899193286896
1.0   16.655126690864563
1.0   21.45280795544386
1.0   27.231457635760307
1.0   39.13037661090493
1.0   26.877034693956375
1.0   39.17336656386033
1.0   33.69224902242422
1.0   21.033658623695374
1.0   29.891670398414135
1.0   9.762609481811523
1.0   30.731114119291306
1.0   1.6485055685043335
1.0   12.088519752025604
1.0   25.514797866344452
1.0   26.4735493324697
AUC-ROC: 0.9714, AUC-PR: 0.9896
0.0   -5.086212701164186
0.0   -0.9774703979492188
0.0   -1.8509664759039879
0.0   -0.19416706264019012
0.0   -4.462714021094143
0.0   3.1183975636959076
0.0   -2.810536665841937
0.0   -3.094566476996988
0.0   3.1174589693546295
0.0   -2.2626386284828186
0.0   0.6648370027542114
0.0   -3.8723747208714485
0.0   2.639585018157959
0.0   -3.714014603756368
0.0   5.23823156952858
0.0   -2.4358069449663162
0.0   -1.3887310698628426
0.0   -0.5113765820860863
0.0   -2.891801793128252
0.0   0.07536283135414124
0.0   -2.9214737713336945
0.0   3.881125032901764
0.0   0.015831485390663147
0.0   -2.9411240871995687
0.0   -0.6071854867041111
0.0   -3.7489880844950676
0.0   -4.259492133744061
0.0   -2.8787983022630215
1.0   27.88614554144442
1.0   28.947636384516954
1.0   24.664878606796265
1.0   19.883515298366547
1.0   23.243493154644966
1.0   21.9830784201622
1.0   16.6999853849411
1.0   24.0800998210907
1.0   27.550975577905774
1.0   30.69819387048483
1.0   19.987235993146896
1.0   10.27437937259674
1.0   8.629983901977539
1.0   -2.5872987676411867
1.0   23.249543488025665
1.0   30.27514237165451
1.0   25.135666489601135
1.0   -1.814287707209587
1.0   0.7283676266670227
1.0   28.443483643233776
1.0   24.785242438316345
1.0   26.568168878555298
1.0   28.936210334300995
1.0   8.375977635383606
1.0   13.206140160560608
1.0   32.55689872056246
1.0   6.740879535675049
1.0   8.270385265350342
1.0   25.30017951130867
1.0   7.457064867019653
1.0   34.52188228443265
1.0   43.60789954289794
1.0   24.918787479400635
1.0   8.90622067451477
1.0   25.636181712150574
1.0   0.5551624894142151
1.0   3.882221281528473
1.0   -0.2976815402507782
1.0   33.047953601926565
1.0   23.391507625579834
1.0   21.9911105632782
1.0   30.457186371088028
1.0   37.925403010100126
1.0   35.88771690800786
1.0   39.344314116984606
1.0   19.259915947914124
1.0   20.571049690246582
1.0   33.478296741843224
1.0   0.5277476906776428
1.0   21.53087241947651
1.0   7.1004732847213745
1.0   5.291325092315674
1.0   4.536590158939362
1.0   6.603272080421448
1.0   9.61595755815506
1.0   17.833595395088196
1.0   21.576838962733746
1.0   27.863331899046898
1.0   38.049108936451375
1.0   26.723960369825363
1.0   39.068883202038705
1.0   34.607275143265724
1.0   20.935947358608246
1.0   29.18086514621973
1.0   10.112604856491089
1.0   29.834659792482853
1.0   2.0341757088899612
1.0   12.13774424791336
1.0   21.611916720867157
1.0   21.422831824049354
AUC-ROC: 0.9684, AUC-PR: 0.9885
0.0   -5.123186226002872
0.0   -2.1305735744535923
0.0   -2.712864387780428
0.0   -1.942580334842205
0.0   -4.615234729833901
0.0   0.8003934919834137
0.0   -3.17886566137895
0.0   -3.473748282995075
0.0   0.9182269424200058
0.0   -2.87045119702816
0.0   -1.5235376432538033
0.0   -4.211631024256349
0.0   -0.19148477911949158
0.0   -3.9463111739605665
0.0   3.032894492149353
0.0   -2.943531528580934
0.0   -2.425132268574089
0.0   -2.3233056887984276
0.0   -3.425774215720594
0.0   -1.9087475836277008
0.0   -3.341302763670683
0.0   1.6448740810155869
0.0   -1.7209319919347763
0.0   -3.2656934401020408
0.0   -2.051032140851021
0.0   -3.990467590279877
0.0   -4.396499440539628
0.0   -3.2519511859863997
1.0   25.997188181616366
1.0   25.05472945421934
1.0   23.51292395591736
1.0   18.21766299009323
1.0   21.57742355391383
1.0   20.17178988456726
1.0   13.764845252037048
1.0   21.673621892929077
1.0   25.266454625874758
1.0   30.60082832723856
1.0   18.490699991583824
1.0   8.143368899822235
1.0   5.947739481925964
1.0   -2.7644218020141125
1.0   21.124739050865173
1.0   28.154752790927887
1.0   20.07879012823105
1.0   -2.524039755575359
1.0   -1.2814274355769157
1.0   27.848030798137188
1.0   24.70637983083725
1.0   27.36383318901062
1.0   29.268676444888115
1.0   4.955629467964172
1.0   8.6378173828125
1.0   33.55942764878273
1.0   6.937800824642181
1.0   6.37576961517334
1.0   25.36705642938614
1.0   7.475578099489212
1.0   34.85991653986275
1.0   41.12279259599745
1.0   24.80628976225853
1.0   8.042077422142029
1.0   25.36333155632019
1.0   0.602765679359436
1.0   2.7097197473049164
1.0   0.46826542913913727
1.0   32.57457693852484
1.0   20.568739891052246
1.0   21.612081736326218
1.0   28.380934739485383
1.0   38.62161265918985
1.0   36.61375463567674
1.0   37.846688125282526
1.0   14.893774926662445
1.0   18.57622939348221
1.0   30.347507625818253
1.0   -0.8317732959985733
1.0   16.570603728294373
1.0   4.876647591590881
1.0   4.175978899002075
1.0   1.8775905072689056
1.0   4.9950255155563354
1.0   7.7049963772296906
1.0   17.730045914649963
1.0   17.53312388807535
1.0   27.96788338571787
1.0   38.89283821359277
1.0   24.485896557569504
1.0   39.70639891922474
1.0   35.218726456165314
1.0   15.848919808864594
1.0   29.069581359624863
1.0   10.426918148994446
1.0   27.16362524777651
1.0   0.807348221540451
1.0   12.074887096881866
1.0   23.89767089486122
1.0   23.960689621046185
AUC-ROC: 0.9745, AUC-PR: 0.9906
0.0   -5.06005051266402
0.0   -1.9809469990432262
0.0   -2.5847971215844154
0.0   -1.3232896327972412
0.0   -4.499359321780503
0.0   2.257342576980591
0.0   -3.036766420584172
0.0   -3.3435633666813374
0.0   2.568442404270172
0.0   -2.82822288479656
0.0   -0.1538407802581787
0.0   -4.0347367124632
0.0   0.27939584851264954
0.0   -3.865277508739382
0.0   4.321561366319656
0.0   -2.67518631182611
0.0   -1.769798032939434
0.0   -2.245679624378681
0.0   -3.2808923795819283
0.0   -1.5280769169330597
0.0   -3.1754759810864925
0.0   2.014601409435272
0.0   -0.09768782556056976
0.0   -3.08280739095062
0.0   -1.6907531693577766
0.0   -3.804765024688095
0.0   -4.31316803721711
0.0   -2.9757214691489935
1.0   28.150276325643063
1.0   29.382775757461786
1.0   23.457597374916077
1.0   19.23806118965149
1.0   21.847985085099936
1.0   20.387926876544952
1.0   15.71248185634613
1.0   22.45320838689804
1.0   25.818556111305952
1.0   30.474785942584276
1.0   20.772426277399063
1.0   8.477620720863342
1.0   8.700100898742676
1.0   -2.7142197997309268
1.0   20.948694109916687
1.0   27.657643049955368
1.0   24.33776617050171
1.0   -2.291603773832321
1.0   -0.06747458875179291
1.0   28.91984336078167
1.0   24.37775194644928
1.0   26.185351759195328
1.0   27.632943481206894
1.0   8.770394563674927
1.0   13.038365006446838
1.0   31.765307784080505
1.0   5.983624190092087
1.0   8.532194793224335
1.0   25.629262775182724
1.0   6.556417226791382
1.0   33.340271811932325
1.0   44.34784649312496
1.0   24.65260112285614
1.0   9.359829843044281
1.0   24.616055130958557
1.0   0.1896129995584488
1.0   3.405562400817871
1.0   0.16042780876159668
1.0   32.22319125384092
1.0   22.24922215938568
1.0   22.389570623636246
1.0   30.654845751821995
1.0   36.49728918587789
1.0   35.670097903348505
1.0   39.85564389079809
1.0   18.584065437316895
1.0   20.380725383758545
1.0   32.78094694018364
1.0   -0.029983103275299072
1.0   21.41875584423542
1.0   6.6002357006073
1.0   5.747342467308044
1.0   4.230850130319595
1.0   5.177390456199646
1.0   10.017382815480232
1.0   16.423466742038727
1.0   21.2587471306324
1.0   27.907881293445826
1.0   37.254798592068255
1.0   25.316452205181122
1.0   38.309281362686306
1.0   34.42128739506006
1.0   20.692731142044067
1.0   28.723190650343895
1.0   9.476704716682434
1.0   29.271219827234745
1.0   2.447167158126831
1.0   10.839500725269318
1.0   25.960054963827133
1.0   25.0801737960428
AUC-ROC: 0.9735, AUC-PR: 0.9903
0.0   -4.873051236849278
0.0   -1.3303655833005905
0.0   -2.03401767462492
0.0   -0.5752296596765518
0.0   -4.167634591460228
0.0   2.44189515709877
0.0   -2.7512562260963023
0.0   -2.7985097961500287
0.0   3.357119530439377
0.0   -2.476647950708866
0.0   -0.03404669463634491
0.0   -3.6580233965069056
0.0   1.2180514633655548
0.0   -3.319788849912584
0.0   5.047133505344391
0.0   -2.3962078355252743
0.0   -1.3088241219520569
0.0   -1.3106191530823708
0.0   -2.8872657557949424
0.0   -1.0005176961421967
0.0   -2.757317977491766
0.0   2.4049533009529114
0.0   0.22756992280483246
0.0   -2.621004018932581
0.0   -0.9568241275846958
0.0   -3.4750027619302273
0.0   -4.06805075565353
0.0   -2.713654411956668
1.0   27.889651883393526
1.0   29.396433586254716
1.0   24.706885993480682
1.0   20.83587074279785
1.0   25.37591828405857
1.0   21.544685274362564
1.0   17.05359697341919
1.0   24.689459145069122
1.0   25.937782015651464
1.0   31.22845794633031
1.0   22.547615241259336
1.0   10.7166907787323
1.0   8.991327404975891
1.0   -2.4630498844198883
1.0   21.557934939861298
1.0   29.00031852722168
1.0   25.607004910707474
1.0   -1.6978706568479538
1.0   1.101360261440277
1.0   29.9199253693223
1.0   27.38535386323929
1.0   28.37318427860737
1.0   29.835252422839403
1.0   10.62148404121399
1.0   13.061453700065613
1.0   34.56398916617036
1.0   8.506720542907715
1.0   9.483056783676147
1.0   26.79771575331688
1.0   8.27530586719513
1.0   35.093113981187344
1.0   44.39942389167845
1.0   26.870828047394753
1.0   7.64776474237442
1.0   27.675393104553223
1.0   0.4534209370613098
1.0   3.460194617509842
1.0   1.3584952503442764
1.0   34.4353351444006
1.0   22.35909593105316
1.0   24.69792813062668
1.0   29.8364868350327
1.0   38.55284292809665
1.0   37.82994470652193
1.0   39.560756877064705
1.0   19.50390273332596
1.0   20.422574311494827
1.0   33.220760092139244
1.0   1.0759055018424988
1.0   20.769091337919235
1.0   6.919200420379639
1.0   4.554018020629883
1.0   5.517742812633514
1.0   7.134001672267914
1.0   9.003551959991455
1.0   19.88363492488861
1.0   21.12993447110057
1.0   30.1523004360497
1.0   37.66940673161298
1.0   26.657153487205505
1.0   40.22811089735478
1.0   36.31120225414634
1.0   20.665484189987183
1.0   28.287395868450403
1.0   11.31597113609314
1.0   29.820034436881542
1.0   1.7376453280448914
1.0   13.07347223162651
1.0   27.60144041478634
1.0   26.297371150925756
AUC-ROC: 0.9730, AUC-PR: 0.9901
