0.0   4.255585640668869
0.0   1.6048837006092072
0.0   -2.1680022720247507
0.0   1.3326883018016815
0.0   -0.5084808468818665
0.0   2.0291627645492554
0.0   2.6788813173770905
0.0   -2.3728807251900434
0.0   8.802614152431488
0.0   3.958818793296814
0.0   4.578654110431671
0.0   6.672505617141724
0.0   4.327943980693817
0.0   -4.089103138074279
0.0   2.912504494190216
0.0   2.5501075983047485
0.0   6.69457671046257
0.0   0.4636402875185013
0.0   4.089478492736816
0.0   4.353134453296661
0.0   3.4694952815771103
0.0   5.967676877975464
0.0   5.183804035186768
0.0   5.287849307060242
0.0   2.0174341946840286
0.0   -0.6774744838476181
0.0   5.440341830253601
0.0   4.934424638748169
1.0   22.61754577420652
1.0   17.8435018658638
1.0   8.439620733261108
1.0   6.613682448863983
1.0   16.075961768627167
1.0   8.293979287147522
1.0   4.8478381633758545
1.0   15.70598554611206
1.0   26.467466032132506
1.0   19.54997545480728
1.0   12.088061809539795
1.0   7.600703418254852
1.0   6.050078630447388
1.0   -1.1443120539188385
1.0   14.755406737327576
1.0   10.485401630401611
1.0   18.323693692684174
1.0   4.467060387134552
1.0   7.742502212524414
1.0   15.083256781101227
1.0   10.671708106994629
1.0   20.741462007164955
1.0   20.05287456512451
1.0   10.541035771369934
1.0   23.21868270635605
1.0   23.387317568063736
1.0   25.68766063451767
1.0   30.544148862361908
1.0   29.50921030342579
1.0   13.711821675300598
1.0   14.603611707687378
1.0   11.64523994922638
1.0   18.59552228450775
1.0   13.04422414302826
1.0   13.443427324295044
1.0   6.005266189575195
1.0   0.11847180128097534
1.0   15.136062622070312
1.0   11.149489939212799
1.0   8.45967173576355
1.0   18.02309700846672
1.0   27.346484273672104
1.0   15.122140884399414
1.0   28.439592838287354
1.0   15.04276692867279
1.0   11.873683094978333
1.0   25.965427570044994
1.0   14.902007460594177
1.0   13.561471343040466
1.0   5.885846495628357
1.0   10.177048563957214
1.0   16.324551701545715
1.0   14.44173389673233
1.0   4.920495271682739
1.0   -0.5016623735427856
1.0   -0.5897368378937244
1.0   -4.840148318558931
1.0   10.265014708042145
1.0   8.421565532684326
1.0   4.98333665728569
1.0   12.167523384094238
1.0   6.945525169372559
1.0   -4.011219940148294
1.0   16.547699987888336
1.0   7.207316875457764
1.0   22.543247938156128
1.0   20.667933594435453
1.0   -0.7835367172956467
1.0   14.298015087842941
1.0   10.010531902313232
1.0   6.4078803062438965
1.0   0.48402245342731476
