0.0   2.439507693052292
0.0   2.621683679521084
0.0   2.5909594148397446
0.0   2.796685066074133
0.0   2.5071244835853577
0.0   3.2985534369945526
0.0   3.5182111859321594
0.0   3.9160063415765762
0.0   4.337344273924828
0.0   4.850240182131529
0.0   4.482161855325103
0.0   5.193355079740286
1.0   3.109777122735977
1.0   4.421584874391556
1.0   2.903314895927906
1.0   2.8268413469195366
1.0   29.26179146580398
1.0   3.145632043480873
1.0   2.9357757568359375
1.0   55.366087198257446
1.0   2.749242313206196
1.0   3.0120030343532562
1.0   14.853529170155525
1.0   50.820649333298206
1.0   2.460698753595352
1.0   24.1585286334157
1.0   6.989080660045147
1.0   5.891049882397056
1.0   43.73615390062332
1.0   29.46469873189926
1.0   26.77233251184225
1.0   40.96175016462803
AUC-ROC: 0.7333, AUC-PR: 0.8636
0.0   0.15049564838409424
0.0   0.22873738408088684
0.0   0.5330015420913696
0.0   0.8382886052131653
0.0   0.4765324592590332
0.0   5.014568328857422
0.0   8.099962890148163
0.0   11.693530678749084
0.0   0.45944926142692566
0.0   1.3069360256195068
0.0   0.6707697808742523
0.0   0.7070731520652771
1.0   0.6775755882263184
1.0   18.454838529229164
1.0   0.15845021605491638
1.0   0.329165443778038
1.0   41.779491096735
1.0   0.466413289308548
1.0   0.4681242108345032
1.0   83.10721454769373
1.0   6.053465664386749
1.0   0.19173192977905273
1.0   35.807260155677795
1.0   63.46436981856823
1.0   0.7602701187133789
1.0   64.72430711239576
1.0   10.48613840341568
1.0   2.2416645884513855
1.0   71.73306569643319
1.0   44.59396053850651
1.0   55.7869084328413
1.0   68.08930139243603
AUC-ROC: 0.7208, AUC-PR: 0.8626
0.0   -2.3683680072426796
0.0   -2.214635781943798
0.0   -2.344740465283394
0.0   -2.35594429820776
0.0   -2.353097267448902
0.0   -0.29952019453048706
0.0   2.932363510131836
0.0   4.950864791870117
0.0   -0.634557768702507
0.0   -0.5304611623287201
0.0   -1.4689725041389465
0.0   -1.741416648030281
1.0   -1.2030878067016602
1.0   31.40730172395706
1.0   -2.3330122902989388
1.0   -2.370615340769291
1.0   38.88460271060467
1.0   -2.365236535668373
1.0   -0.7562234699726105
1.0   70.55827114731073
1.0   -2.378417357802391
1.0   -2.3560488671064377
1.0   31.072320222854614
1.0   59.33515755832195
1.0   -1.5019802898168564
1.0   44.81415878236294
1.0   6.150525093078613
1.0   3.386485517024994
1.0   69.76160901039839
1.0   61.90163315832615
1.0   63.79209391027689
1.0   57.705725453794
AUC-ROC: 0.7042, AUC-PR: 0.8614
0.0   -5.853841528296471
0.0   -5.799017570912838
0.0   -5.841047920286655
0.0   -5.794941745698452
0.0   -5.533366307616234
0.0   -2.8890777230262756
0.0   1.6070020198822021
0.0   8.487524509429932
0.0   -5.394878260791302
0.0   -5.180446647107601
0.0   -4.951096072793007
0.0   -5.50365436822176
1.0   -3.6720612049102783
1.0   32.78942073881626
1.0   -5.785586565732956
1.0   -5.748880639672279
1.0   32.60829198360443
1.0   -5.832268502563238
1.0   -3.427990734577179
1.0   68.1420585513115
1.0   -3.095668375492096
1.0   -5.691102214157581
1.0   39.520403146743774
1.0   47.30866873264313
1.0   -5.59102625399828
1.0   47.34397295117378
1.0   0.4824066162109375
1.0   10.174978971481323
1.0   48.99554146826267
1.0   56.38187864422798
1.0   50.168160796165466
1.0   50.38941411674023
AUC-ROC: 0.7792, AUC-PR: 0.8868
0.0   5.825564280152321
0.0   5.3680213540792465
0.0   5.402200609445572
0.0   7.071251943707466
0.0   10.730499401688576
0.0   8.941093772649765
0.0   10.967485249042511
0.0   12.977957680821419
0.0   4.224217236042023
0.0   4.441182866692543
0.0   4.140014246106148
0.0   3.466277949512005
1.0   6.2626117914915085
1.0   15.81605305429548
1.0   6.404940452426672
1.0   6.513899952173233
1.0   28.911690056324005
1.0   6.465396225452423
1.0   5.868441358208656
1.0   60.2260358184576
1.0   6.723985731601715
1.0   9.191174894571304
1.0   24.010662857443094
1.0   45.65091500431299
1.0   6.918670490384102
1.0   25.044304996728897
1.0   5.207705467939377
1.0   3.1234574988484383
1.0   21.553298451006413
1.0   18.898737790063024
1.0   13.49024561047554
1.0   27.229768492281437
AUC-ROC: 0.7583, AUC-PR: 0.8673
0.0   5.693367213010788
0.0   5.841653108596802
0.0   5.623894423246384
0.0   5.657845616340637
0.0   5.25204087048769
0.0   6.557941682636738
0.0   7.288007400929928
0.0   6.944155119359493
0.0   5.980759918689728
0.0   5.713569730520248
0.0   6.256184756755829
0.0   5.939081534743309
1.0   6.304372221231461
1.0   8.30923893302679
1.0   6.800585851073265
1.0   5.6660933792591095
1.0   17.521145356819034
1.0   6.1399223655462265
1.0   6.477323770523071
1.0   39.03634773939848
1.0   5.522400081157684
1.0   5.778070792555809
1.0   11.473021425306797
1.0   22.67114520445466
1.0   6.461487673223019
1.0   9.428599685430527
1.0   4.5718425661325455
1.0   4.372049987316132
1.0   10.762301489710808
1.0   9.490189649164677
1.0   6.634914554655552
1.0   15.759805483743548
AUC-ROC: 0.7167, AUC-PR: 0.8557
0.0   -5.228564305230975
0.0   -5.271988244727254
0.0   -5.187203316017985
0.0   -5.250548575073481
0.0   -5.199384097009897
0.0   -4.088722214102745
0.0   2.956541895866394
0.0   0.4971027970314026
0.0   -5.08291088975966
0.0   -5.113187497481704
0.0   -5.102827150374651
0.0   -5.145769480615854
1.0   -3.9882699847221375
1.0   40.685496624559164
1.0   -5.049575883895159
1.0   -4.379663355648518
1.0   42.97788458969444
1.0   -5.023360528051853
1.0   1.038349449634552
1.0   34.4523346638307
1.0   -5.02173000946641
1.0   -5.238423079252243
1.0   11.925145268440247
1.0   53.08907217904925
1.0   -4.909659288823605
1.0   50.18460773862898
1.0   -3.897949606180191
1.0   -5.1324571911245584
1.0   46.27524362318218
1.0   55.86010898463428
1.0   35.168365526013076
1.0   53.22144844941795
AUC-ROC: 0.8500, AUC-PR: 0.9137
