0.0   5.484738036990166
0.0   7.173341393470764
0.0   4.556963834911585
0.0   6.429590545594692
0.0   5.212690658867359
0.0   5.267532400786877
0.0   4.877927493304014
0.0   4.7434717789292336
0.0   4.893513046205044
0.0   5.267898410558701
0.0   5.2885991632938385
0.0   5.42937196418643
0.0   5.525970175862312
0.0   4.579676628112793
0.0   5.6674045622348785
0.0   7.751462109386921
0.0   5.644828207790852
0.0   5.200649157166481
0.0   7.932784207165241
0.0   5.438234988600016
0.0   7.759540632367134
0.0   6.222379915416241
0.0   8.045112032443285
0.0   5.728975176811218
0.0   5.168248310685158
0.0   5.0965240597724915
0.0   4.781000632792711
0.0   5.093902111053467
1.0   11.335500627756119
1.0   17.642458707094193
1.0   10.216275840997696
1.0   12.427897155284882
1.0   8.46116454899311
1.0   8.670924216508865
1.0   8.651557929813862
1.0   12.526487238705158
1.0   9.534263037145138
1.0   11.156573489308357
1.0   12.550792716443539
1.0   11.324226722121239
1.0   10.096763044595718
1.0   6.86970966309309
1.0   7.002046354115009
1.0   8.506466377526522
1.0   8.27527653425932
1.0   10.158259958028793
1.0   4.364735707640648
1.0   23.89881543815136
1.0   15.074880883097649
1.0   31.511767238378525
1.0   29.362188383936882
1.0   34.79411497712135
1.0   35.265059284865856
1.0   47.23825515061617
1.0   45.43316492438316
1.0   62.95970015227795
1.0   60.5356777086854
1.0   31.237750977277756
1.0   36.15758998692036
1.0   26.07505515217781
1.0   38.05375084280968
1.0   16.063504736870527
1.0   27.061573803424835
1.0   27.478556223213673
1.0   9.888935998082161
1.0   10.369374580681324
1.0   14.491080150008202
1.0   13.932289231568575
1.0   16.425245344638824
1.0   24.956097431480885
1.0   22.094169713556767
1.0   18.431072063744068
1.0   23.397006578743458
1.0   14.74797285720706
1.0   29.705436877906322
1.0   9.653324376791716
1.0   12.823187321424484
1.0   13.777409072965384
1.0   9.279631484299898
1.0   17.20568761974573
1.0   11.391923040151596
1.0   11.236869633197784
1.0   5.970201723277569
1.0   9.663435384631157
1.0   5.664041213691235
1.0   15.986344382166862
1.0   5.677449077367783
1.0   5.857398472726345
1.0   12.504302728921175
1.0   21.983679749071598
1.0   5.569877523928881
1.0   8.896951153874397
1.0   5.445252384990454
1.0   40.03872661292553
1.0   29.963922671973705
1.0   10.305530272424221
1.0   5.828655779361725
1.0   5.993175011128187
1.0   10.019920660182834
1.0   6.158052431419492
AUC-ROC: 0.9444, AUC-PR: 0.9805
0.0   5.287937588989735
0.0   6.722418092191219
0.0   4.096382446587086
0.0   4.456308636814356
0.0   4.369997438043356
0.0   4.265620663762093
0.0   4.7318873926997185
0.0   4.4447850696742535
0.0   4.33549715206027
0.0   4.235490467399359
0.0   6.484892927110195
0.0   5.600154064595699
0.0   4.150582451373339
0.0   4.38894122838974
0.0   5.213760428130627
0.0   4.86866669729352
0.0   5.2538847997784615
0.0   5.256037451326847
0.0   5.728724986314774
0.0   4.883410163223743
0.0   5.440874420106411
0.0   5.084019012749195
0.0   5.244238056242466
0.0   5.086479000747204
0.0   5.148859113454819
0.0   5.148166805505753
0.0   5.0287224650383
0.0   5.325609639286995
1.0   7.290031015872955
1.0   10.843557804822922
1.0   7.759567901492119
1.0   7.951814629137516
1.0   7.156878128647804
1.0   6.489519037306309
1.0   5.883735723793507
1.0   9.26354318857193
1.0   6.132116332650185
1.0   8.46215296164155
1.0   9.330352425575256
1.0   6.804252900183201
1.0   8.916994106024504
1.0   6.327312298119068
1.0   5.9807505533099174
1.0   5.614836119115353
1.0   7.1622867956757545
1.0   4.700609747320414
1.0   4.87915576249361
1.0   18.917161408811808
1.0   13.231887739151716
1.0   33.86221233010292
1.0   23.847153045237064
1.0   34.4894503839314
1.0   33.24372570961714
1.0   43.9909740164876
1.0   41.21884746849537
1.0   66.72662590444088
1.0   73.27754630893469
1.0   30.134601410478354
1.0   39.046607937663794
1.0   22.105134785175323
1.0   36.126695569604635
1.0   18.994156427681446
1.0   27.53533725440502
1.0   20.814089875668287
1.0   7.898297928273678
1.0   7.5530905202031136
1.0   10.777448773384094
1.0   7.844932768493891
1.0   13.033808201551437
1.0   25.70929792523384
1.0   11.517069831490517
1.0   16.109657652676105
1.0   19.19446373730898
1.0   8.514859914779663
1.0   27.353278532624245
1.0   7.64224037528038
1.0   9.795465610921383
1.0   8.586124010384083
1.0   6.391584239900112
1.0   9.280547678470612
1.0   7.496978119015694
1.0   5.420425362884998
1.0   4.43298115581274
1.0   6.674275830388069
1.0   4.862689442932606
1.0   6.902583580464125
1.0   4.3714765422046185
1.0   5.027178134769201
1.0   9.591417778283358
1.0   16.513047382235527
1.0   3.534261714667082
1.0   4.246162638068199
1.0   3.3221781961619854
1.0   43.105591759085655
1.0   31.684810876846313
1.0   7.9638969749212265
1.0   6.204863373190165
1.0   5.805570561438799
1.0   10.214401166886091
1.0   6.302980005741119
AUC-ROC: 0.8909, AUC-PR: 0.9643
0.0   3.2765177190303802
0.0   4.596150562167168
0.0   1.4203393012285233
0.0   1.797642856836319
0.0   1.570801317691803
0.0   1.7363356798887253
0.0   2.039338454604149
0.0   1.9205593019723892
0.0   1.6208409443497658
0.0   1.3841400891542435
0.0   4.555681005120277
0.0   3.5116181820631027
0.0   1.429895281791687
0.0   1.4617585241794586
0.0   2.2457723170518875
0.0   1.7942189797759056
0.0   2.899701200425625
0.0   2.8595487996935844
0.0   3.650604799389839
0.0   2.8398258686065674
0.0   2.401458591222763
0.0   2.8190019354224205
0.0   2.8283837661147118
0.0   2.775534011423588
0.0   2.956490710377693
0.0   2.7115462720394135
0.0   2.055760085582733
0.0   2.9287858828902245
1.0   5.614047288894653
1.0   7.708654522895813
1.0   5.8543716706335545
1.0   5.657522313296795
1.0   5.627985842525959
1.0   4.584970034658909
1.0   5.908712767064571
1.0   5.224632300436497
1.0   2.851543426513672
1.0   4.8056105971336365
1.0   6.275612074881792
1.0   3.9600283056497574
1.0   4.573295913636684
1.0   3.5011327415704727
1.0   5.1370711624622345
1.0   3.9799057245254517
1.0   2.837331786751747
1.0   2.0311815962195396
1.0   2.1273434832692146
1.0   9.140408046543598
1.0   8.559512495994568
1.0   21.645081982016563
1.0   10.566056722775102
1.0   21.83132564276457
1.0   19.06465919315815
1.0   25.877366915345192
1.0   25.538119941949844
1.0   42.87623519822955
1.0   41.4797851704061
1.0   18.021323174238205
1.0   24.144395850598812
1.0   11.52523035556078
1.0   23.924733608961105
1.0   11.919639687985182
1.0   14.68544989079237
1.0   8.795878991484642
1.0   3.8003638684749603
1.0   4.013141922652721
1.0   5.639583496376872
1.0   3.7089019268751144
1.0   7.115584149956703
1.0   14.607285514473915
1.0   4.476444631814957
1.0   8.059009924530983
1.0   9.303813811391592
1.0   3.968561999499798
1.0   14.857177093625069
1.0   3.8002371042966843
1.0   4.5584512911736965
1.0   4.856579750776291
1.0   2.9054487347602844
1.0   5.465454198420048
1.0   3.057955764234066
1.0   2.8216965720057487
1.0   1.3052423894405365
1.0   2.6552128568291664
1.0   2.4129419028759003
1.0   2.391123652458191
1.0   2.390884183347225
1.0   2.731629379093647
1.0   4.589760705828667
1.0   3.6838855743408203
1.0   1.2092559039592743
1.0   1.7560758143663406
1.0   1.1803058385849
1.0   28.995154794305563
1.0   20.547901019454002
1.0   5.736279115080833
1.0   3.2072338983416557
1.0   3.0662561655044556
1.0   5.23172640055418
1.0   3.7099543064832687
AUC-ROC: 0.8562, AUC-PR: 0.9481
0.0   5.488864652812481
0.0   6.960846364498138
0.0   5.6006427221000195
0.0   7.389251198619604
0.0   7.115653224289417
0.0   7.339954864233732
0.0   6.192909212782979
0.0   5.695153027772903
0.0   7.098580494523048
0.0   5.616701014339924
0.0   4.8713452741503716
0.0   5.006787471473217
0.0   5.035084847360849
0.0   8.397711522877216
0.0   7.439219631254673
0.0   7.06336847692728
0.0   4.942357286810875
0.0   5.151617713272572
0.0   5.978269673883915
0.0   5.431870378553867
0.0   6.189776666462421
0.0   5.081071354448795
0.0   7.044532235711813
0.0   5.104358032345772
0.0   5.905541971325874
0.0   5.05988197401166
0.0   4.959671314805746
0.0   5.44441663660109
1.0   40.7638473585248
1.0   42.6058342307806
1.0   46.47821917384863
1.0   36.667640186846256
1.0   25.46180972456932
1.0   43.974669598042965
1.0   37.823190443217754
1.0   38.858917597681284
1.0   22.242884377017617
1.0   36.621747732162476
1.0   33.26884642243385
1.0   39.0513361543417
1.0   46.57904078066349
1.0   41.70603880286217
1.0   38.6693412065506
1.0   37.90533681213856
1.0   32.72529919445515
1.0   18.25444944947958
1.0   21.72127439081669
1.0   23.96318217366934
1.0   18.144037138670683
1.0   13.933525308966637
1.0   32.625369533896446
1.0   38.72704865038395
1.0   35.57301352918148
1.0   33.9543697014451
1.0   33.14627309143543
1.0   26.251133792102337
1.0   40.79119086265564
1.0   14.428400978446007
1.0   20.430807784199715
1.0   17.529271997511387
1.0   19.075188621878624
1.0   22.988220496103168
1.0   15.397450745105743
1.0   11.64225660264492
1.0   23.97332724183798
1.0   17.03572990000248
1.0   20.150509223341942
1.0   31.664729855954647
1.0   26.5380916595459
1.0   19.58285254240036
1.0   31.158757897093892
1.0   23.70749083161354
1.0   31.661109745502472
1.0   12.815480455756187
1.0   25.746353197842836
1.0   15.582923159003258
1.0   12.28776304796338
1.0   13.827998373657465
1.0   14.791437204927206
1.0   9.879093134775758
1.0   4.898080125451088
1.0   8.467250257730484
1.0   5.4170016422867775
1.0   10.81750607676804
1.0   8.510148694738746
1.0   5.923832401633263
1.0   9.55966054648161
1.0   15.176143676042557
1.0   4.902394235134125
1.0   5.488959491252899
1.0   5.02331268787384
1.0   30.340926580131054
1.0   26.39237798936665
1.0   7.904680892825127
1.0   6.121850341558456
1.0   5.6591566652059555
1.0   16.072605550289154
1.0   7.414695397019386
AUC-ROC: 0.9219, AUC-PR: 0.9747
0.0   4.002415910363197
0.0   5.801253616809845
0.0   4.746025562286377
0.0   7.978517025709152
0.0   6.383041739463806
0.0   5.828235641121864
0.0   8.123843371868134
0.0   6.265028789639473
0.0   6.334397569298744
0.0   5.215307950973511
0.0   5.470142260193825
0.0   4.230372361838818
0.0   4.671807110309601
0.0   4.285744085907936
0.0   6.502295255661011
0.0   4.37289360165596
0.0   4.6995929479599
0.0   4.411307260394096
0.0   4.864073112607002
0.0   3.953802265226841
0.0   6.080903470516205
0.0   4.962972342967987
0.0   4.210906229913235
0.0   4.141053773462772
0.0   6.70257394015789
0.0   4.123773410916328
0.0   4.154605850577354
0.0   4.334294334053993
1.0   41.4074916318059
1.0   35.73964808881283
1.0   40.650075539946556
1.0   30.41387914121151
1.0   10.89432168379426
1.0   28.079290248453617
1.0   37.326344937086105
1.0   30.585384629666805
1.0   10.158765286207199
1.0   39.017953388392925
1.0   36.983902253210545
1.0   37.32196735590696
1.0   45.800119787454605
1.0   36.61171078681946
1.0   24.27248741686344
1.0   28.62576997280121
1.0   20.48174699023366
1.0   8.676651455461979
1.0   8.626367554068565
1.0   14.337209433317184
1.0   20.70255566202104
1.0   12.35916057229042
1.0   20.17176716402173
1.0   33.6961922198534
1.0   28.342564940452576
1.0   21.53873945772648
1.0   29.495150983333588
1.0   10.085355259478092
1.0   26.848348692059517
1.0   10.25250095129013
1.0   8.901964664459229
1.0   7.624553129076958
1.0   12.665230184793472
1.0   16.220985889434814
1.0   12.420343846082687
1.0   8.318431407213211
1.0   17.50265723466873
1.0   6.570122035220265
1.0   13.591417759656906
1.0   20.1680356413126
1.0   17.43978351354599
1.0   21.511345461010933
1.0   29.024592496454716
1.0   15.31225472688675
1.0   21.996954172849655
1.0   8.199477300047874
1.0   15.631675720214844
1.0   10.48609371483326
1.0   6.01352671533823
1.0   8.747292533516884
1.0   7.063574858009815
1.0   5.479619417339563
1.0   5.0598806738853455
1.0   4.39418076723814
1.0   4.28795713186264
1.0   9.232617370784283
1.0   8.907554596662521
1.0   5.888550564646721
1.0   8.306609936058521
1.0   10.462938552722335
1.0   4.1616498455405235
1.0   6.548332013189793
1.0   4.5940157026052475
1.0   23.27582897245884
1.0   20.345173358917236
1.0   5.131863966584206
1.0   4.432676672935486
1.0   4.246319696307182
1.0   6.230026800185442
1.0   7.800354331731796
AUC-ROC: 0.9056, AUC-PR: 0.9667
0.0   16.803019881248474
0.0   19.191896557807922
0.0   17.029448628425598
0.0   21.13978424668312
0.0   18.12577486038208
0.0   19.902650147676468
0.0   18.68192258477211
0.0   22.342775404453278
0.0   17.715833246707916
0.0   16.90455025434494
0.0   16.906248569488525
0.0   18.243523806333542
0.0   11.42016750574112
0.0   12.974262475967407
0.0   17.848064750432968
0.0   14.54330062866211
0.0   16.487217664718628
0.0   16.35913848876953
0.0   17.399225294589996
0.0   15.668996036052704
0.0   14.76072108745575
0.0   16.967667907476425
0.0   14.69845736026764
0.0   14.124132364988327
0.0   17.814623177051544
0.0   17.025066375732422
0.0   17.910095155239105
0.0   19.534417510032654
1.0   42.044776409864426
1.0   36.458315551280975
1.0   36.98738032579422
1.0   31.43015044927597
1.0   24.919148683547974
1.0   33.58783933520317
1.0   34.88255873322487
1.0   34.38337743282318
1.0   27.563721418380737
1.0   40.919236809015274
1.0   35.89232176542282
1.0   34.29410320520401
1.0   42.79129555821419
1.0   38.131598860025406
1.0   27.930997163057327
1.0   27.108899772167206
1.0   23.922964572906494
1.0   23.886878848075867
1.0   30.361535131931305
1.0   33.92903769016266
1.0   22.68421220779419
1.0   19.8887437582016
1.0   31.807229161262512
1.0   30.44528642296791
1.0   27.51047259569168
1.0   33.76935514807701
1.0   35.32354298233986
1.0   19.580689787864685
1.0   31.21940165758133
1.0   26.79914152622223
1.0   27.77750873565674
1.0   21.394858300685883
1.0   25.942702174186707
1.0   24.874526262283325
1.0   26.7972993850708
1.0   26.12576287984848
1.0   26.96246698498726
1.0   23.251963049173355
1.0   25.289379745721817
1.0   28.23152807354927
1.0   23.943055629730225
1.0   29.333000481128693
1.0   35.13280552625656
1.0   32.846379458904266
1.0   29.216996014118195
1.0   29.387899935245514
1.0   30.13958317041397
1.0   24.97440642118454
1.0   29.50718128681183
1.0   30.33737313747406
1.0   23.975343823432922
1.0   14.001020193099976
1.0   7.287501931190491
1.0   15.985051572322845
1.0   16.29362764954567
1.0   14.891947984695435
1.0   19.44767853617668
1.0   9.720976114273071
1.0   15.28378614783287
1.0   11.916072607040405
1.0   7.415556997060776
1.0   15.086777061223984
1.0   10.136385977268219
1.0   33.00612509250641
1.0   32.49121141433716
1.0   23.44255155324936
1.0   22.45265758037567
1.0   21.84085875749588
1.0   25.118901550769806
1.0   17.313203811645508
AUC-ROC: 0.8480, AUC-PR: 0.9513
0.0   14.731265127658844
0.0   16.4700328707695
0.0   16.527875185012817
0.0   20.997246742248535
0.0   13.026793420314789
0.0   19.613025665283203
0.0   22.51676380634308
0.0   17.923229932785034
0.0   23.651786744594574
0.0   20.257396936416626
0.0   16.115586161613464
0.0   21.90470039844513
0.0   17.48135244846344
0.0   12.095632672309875
0.0   22.610110998153687
0.0   15.496663570404053
0.0   16.436977982521057
0.0   17.199070692062378
0.0   20.23736608028412
0.0   21.64215874671936
0.0   17.44811600446701
0.0   18.33305323123932
0.0   14.498665571212769
0.0   13.707076668739319
0.0   20.76904559135437
0.0   14.148199558258057
0.0   12.91923850774765
0.0   20.564209818840027
1.0   48.7893602848053
1.0   38.550207763910294
1.0   39.26741796731949
1.0   33.208591014146805
1.0   39.893002688884735
1.0   38.93117558956146
1.0   37.36064338684082
1.0   29.87974190711975
1.0   40.898561835289
1.0   38.87410658597946
1.0   35.273309886455536
1.0   28.886712819337845
1.0   44.185757994651794
1.0   35.027191400527954
1.0   31.820944398641586
1.0   29.396046429872513
1.0   28.20605182647705
1.0   28.373034119606018
1.0   31.41097605228424
1.0   34.52833914756775
1.0   44.4905309677124
1.0   26.700874090194702
1.0   39.72327500581741
1.0   37.730168253183365
1.0   42.92663559317589
1.0   46.0445793569088
1.0   41.85112178325653
1.0   35.16500586271286
1.0   41.19732940196991
1.0   19.55483889579773
1.0   38.83146798610687
1.0   36.16137087345123
1.0   31.959469974040985
1.0   26.682439386844635
1.0   30.490021586418152
1.0   25.697497248649597
1.0   27.716594457626343
1.0   23.002154111862183
1.0   27.00836181640625
1.0   30.90798532962799
1.0   26.243017971515656
1.0   27.733763575553894
1.0   40.42535784840584
1.0   20.60116481781006
1.0   26.236059188842773
1.0   20.284642159938812
1.0   24.755288243293762
1.0   29.068374037742615
1.0   22.613070487976074
1.0   31.538284242153168
1.0   28.339559972286224
1.0   11.55379593372345
1.0   6.768135756254196
1.0   11.47097134590149
1.0   10.80195152759552
1.0   28.358551859855652
1.0   24.648114323616028
1.0   20.154622495174408
1.0   21.60327798128128
1.0   28.950427323579788
1.0   12.850413978099823
1.0   24.612250089645386
1.0   24.697147369384766
1.0   39.53352028131485
1.0   31.599344491958618
1.0   20.145737171173096
1.0   20.68769860267639
1.0   25.544636607170105
1.0   27.32848846912384
1.0   18.72823965549469
AUC-ROC: 0.8929, AUC-PR: 0.9649
0.0   10.01428896188736
0.0   13.960759580135345
0.0   9.359903037548065
0.0   14.691072821617126
0.0   7.862658500671387
0.0   12.11752387881279
0.0   14.514597237110138
0.0   9.797322690486908
0.0   12.082048535346985
0.0   11.201375484466553
0.0   11.88864254951477
0.0   13.450568914413452
0.0   8.16662859916687
0.0   5.215226650238037
0.0   12.325633645057678
0.0   6.909042060375214
0.0   9.2159224152565
0.0   10.379373371601105
0.0   8.858825087547302
0.0   12.983029425144196
0.0   13.151464104652405
0.0   13.057659387588501
0.0   7.280106484889984
0.0   10.411334037780762
0.0   12.960359454154968
0.0   9.57469516992569
0.0   9.323700308799744
0.0   13.731024742126465
1.0   40.62691476941109
1.0   35.72167298197746
1.0   29.82014410942793
1.0   26.197759062051773
1.0   28.12873262166977
1.0   32.63153326511383
1.0   29.596373468637466
1.0   22.847439616918564
1.0   29.9125434756279
1.0   33.77042865753174
1.0   29.822112798690796
1.0   28.3185908049345
1.0   36.64450830221176
1.0   27.320250377058983
1.0   30.442331790924072
1.0   27.146602973341942
1.0   29.37154969573021
1.0   19.59439367055893
1.0   25.269819915294647
1.0   28.28772071003914
1.0   35.33034825325012
1.0   23.91048353910446
1.0   31.885389894247055
1.0   39.00499799847603
1.0   43.02754074335098
1.0   37.68772542476654
1.0   32.74999487400055
1.0   29.681232273578644
1.0   34.291718542575836
1.0   19.527863204479218
1.0   34.06271281838417
1.0   32.803401470184326
1.0   25.618029743433
1.0   22.541756093502045
1.0   30.54266506433487
1.0   22.829096138477325
1.0   30.710994124412537
1.0   24.69802838563919
1.0   27.501390993595123
1.0   37.201110638678074
1.0   29.418005973100662
1.0   36.169100895524025
1.0   42.854648783802986
1.0   20.772838443517685
1.0   30.055457800626755
1.0   26.13892975449562
1.0   22.29430365562439
1.0   26.6727032661438
1.0   22.59321916103363
1.0   34.19252261519432
1.0   27.94593095779419
1.0   11.833432376384735
1.0   -0.6846920400857925
1.0   10.12668365240097
1.0   11.271923780441284
1.0   17.681879699230194
1.0   30.04520684480667
1.0   24.395006477832794
1.0   31.843459725379944
1.0   27.999573945999146
1.0   -0.9564048200845718
1.0   34.97738230228424
1.0   21.89198100566864
1.0   33.43777817487717
1.0   26.233255051076412
1.0   10.695179879665375
1.0   27.49719274044037
1.0   29.33979320526123
1.0   25.753483593463898
1.0   12.128849685192108
AUC-ROC: 0.9378, AUC-PR: 0.9799
0.0   0.628287672996521
0.0   5.397275269031525
0.0   3.613029360771179
0.0   13.01786744594574
0.0   3.213988721370697
0.0   8.511594891548157
0.0   11.389299988746643
0.0   4.584165155887604
0.0   4.778092205524445
0.0   3.3482711911201477
0.0   4.06384938955307
0.0   -0.19927407801151276
0.0   -0.7335797771811485
0.0   0.43663740158081055
0.0   5.921678006649017
0.0   2.1903432607650757
0.0   -0.3952333629131317
0.0   1.9980743825435638
0.0   0.02394716441631317
0.0   1.3348196744918823
0.0   2.43251234292984
0.0   3.4849178194999695
0.0   -0.007109493017196655
0.0   2.488365203142166
0.0   1.915303647518158
0.0   2.1468260884284973
0.0   0.058058127760887146
0.0   3.9646120071411133
1.0   33.403200060129166
1.0   28.193040788173676
1.0   26.663866758346558
1.0   21.15405982732773
1.0   8.320692420005798
1.0   21.83628112077713
1.0   27.13429468870163
1.0   20.790829360485077
1.0   12.18187963962555
1.0   29.228271573781967
1.0   29.187137350440025
1.0   27.979135647416115
1.0   22.007689476013184
1.0   27.934959650039673
1.0   20.22828757762909
1.0   23.618469327688217
1.0   22.219796448946
1.0   12.646082878112793
1.0   14.141360878944397
1.0   24.188105911016464
1.0   23.21667754650116
1.0   9.377993106842041
1.0   17.70425033569336
1.0   23.995090156793594
1.0   33.628794848918915
1.0   21.35535979270935
1.0   24.922007024288177
1.0   12.614847779273987
1.0   25.4682699739933
1.0   3.1219324469566345
1.0   15.266428649425507
1.0   18.239594519138336
1.0   11.729048132896423
1.0   8.107041776180267
1.0   15.075648605823517
1.0   8.534963250160217
1.0   20.917173326015472
1.0   9.245781004428864
1.0   23.37277603149414
1.0   25.35776287317276
1.0   22.58533275127411
1.0   37.11669719219208
1.0   35.349062114953995
1.0   12.54023140668869
1.0   20.872399389743805
1.0   11.995719075202942
1.0   15.08800482749939
1.0   11.236582040786743
1.0   6.316557347774506
1.0   17.99334281682968
1.0   11.38031667470932
1.0   5.845293819904327
1.0   -3.2078224271535873
1.0   -1.8935459703207016
1.0   -1.0036718547344208
1.0   11.686235666275024
1.0   37.36710771918297
1.0   28.72955846786499
1.0   28.93207338452339
1.0   26.441925883293152
1.0   -3.067145049571991
1.0   46.11387348175049
1.0   11.702775359153748
1.0   14.905890345573425
1.0   17.279089599847794
1.0   0.7565480470657349
1.0   20.23798656463623
1.0   37.347518146038055
1.0   26.508719503879547
1.0   5.004447877407074
AUC-ROC: 0.9077, AUC-PR: 0.9692
0.0   0.6529126167297363
0.0   7.246051549911499
0.0   1.5322949886322021
0.0   11.928648471832275
0.0   2.2204928398132324
0.0   5.802488565444946
0.0   13.198415875434875
0.0   3.0673486590385437
0.0   5.567974925041199
0.0   5.501461029052734
0.0   6.474477171897888
0.0   1.9862197041511536
0.0   -0.9652222096920013
0.0   0.590504378080368
0.0   5.700392365455627
0.0   1.9307896494865417
0.0   -0.0364556610584259
0.0   6.761578917503357
0.0   1.1851240992546082
0.0   1.2996309399604797
0.0   1.196572184562683
0.0   4.465439796447754
0.0   0.13819903135299683
0.0   4.443778395652771
0.0   3.601532816886902
0.0   4.959831178188324
0.0   1.3327814936637878
0.0   3.989036440849304
1.0   28.78399282693863
1.0   30.094431817531586
1.0   28.474246501922607
1.0   20.242574095726013
1.0   6.884851694107056
1.0   21.91261339187622
1.0   27.662422835826874
1.0   19.018995702266693
1.0   10.251076817512512
1.0   32.552395313978195
1.0   27.9116193652153
1.0   32.55605457723141
1.0   21.318244576454163
1.0   25.998084902763367
1.0   24.690577626228333
1.0   26.705960392951965
1.0   26.951854810118675
1.0   9.037593066692352
1.0   14.243345499038696
1.0   22.477551132440567
1.0   22.916609406471252
1.0   1.5259842276573181
1.0   19.76030805706978
1.0   23.74155420064926
1.0   30.909185528755188
1.0   24.246890664100647
1.0   18.760013937950134
1.0   13.14861011505127
1.0   20.010847985744476
1.0   4.406629204750061
1.0   13.093043982982635
1.0   16.685286283493042
1.0   12.598424732685089
1.0   10.1650131046772
1.0   17.317033410072327
1.0   9.978848457336426
1.0   15.153265476226807
1.0   10.127936601638794
1.0   19.728000104427338
1.0   23.37647195160389
1.0   13.31425952911377
1.0   33.025147780776024
1.0   33.667449951171875
1.0   9.405327677726746
1.0   19.4113237708807
1.0   10.534421801567078
1.0   8.130369424819946
1.0   9.253914475440979
1.0   6.22859799861908
1.0   19.524571359157562
1.0   7.827934980392456
1.0   -2.331689327955246
1.0   -5.179804250597954
1.0   -3.771014630794525
1.0   -0.2069074511528015
1.0   2.3059390783309937
1.0   32.86967492103577
1.0   35.36146883666515
1.0   27.863158583641052
1.0   24.528353691101074
1.0   -5.046456828713417
1.0   38.72776859998703
1.0   2.6228906512260437
1.0   15.0311918258667
1.0   19.82053593546152
1.0   0.9054329097270966
1.0   19.12803143262863
1.0   35.07341378927231
1.0   26.929011046886444
1.0   5.189994931221008
AUC-ROC: 0.8658, AUC-PR: 0.9545
0.0   -2.009651154279709
0.0   3.260453552007675
0.0   0.3829817473888397
0.0   5.537652492523193
0.0   1.3046035766601562
0.0   4.998313784599304
0.0   8.574203491210938
0.0   2.9149462580680847
0.0   1.3047032952308655
0.0   3.5683155059814453
0.0   2.0681941509246826
0.0   -0.9982717484235764
0.0   -0.797676607966423
0.0   -1.3464736342430115
0.0   3.3632266521453857
0.0   2.1769360303878784
0.0   -1.5523857772350311
0.0   0.5351763963699341
0.0   -1.353730171918869
0.0   -1.2895350605249405
0.0   -1.6537513583898544
0.0   0.9694703221321106
0.0   -1.5921966135501862
0.0   -0.5162340551614761
0.0   -0.696366086602211
0.0   -0.05823546648025513
0.0   -1.4048663526773453
0.0   0.3825749158859253
1.0   21.39543467760086
1.0   23.924954414367676
1.0   17.774504631757736
1.0   14.035829186439514
1.0   4.014073848724365
1.0   17.00315362215042
1.0   19.695254921913147
1.0   12.345269203186035
1.0   6.755327820777893
1.0   25.572219669818878
1.0   18.00328928232193
1.0   20.9142002761364
1.0   20.77772170305252
1.0   12.096291184425354
1.0   18.980628609657288
1.0   23.412589967250824
1.0   18.976264894008636
1.0   8.880402684211731
1.0   8.755433320999146
1.0   21.303634464740753
1.0   16.33789551258087
1.0   0.6949402689933777
1.0   16.75811779499054
1.0   23.11522650718689
1.0   40.199368983507156
1.0   20.732345163822174
1.0   15.514615952968597
1.0   10.176470696926117
1.0   18.41110587120056
1.0   3.5623847246170044
1.0   7.494579076766968
1.0   13.317759037017822
1.0   9.707908749580383
1.0   5.521271824836731
1.0   18.889511972665787
1.0   8.913731098175049
1.0   16.113062024116516
1.0   6.553051829338074
1.0   20.019228219985962
1.0   23.268738925457
1.0   16.289096474647522
1.0   30.226814806461334
1.0   36.79189690947533
1.0   8.446887969970703
1.0   19.364840269088745
1.0   10.51331913471222
1.0   5.469622254371643
1.0   8.889737248420715
1.0   6.20956826210022
1.0   22.63272988796234
1.0   7.349108099937439
1.0   -4.132450342178345
1.0   -5.366590179502964
1.0   -3.685122326016426
1.0   -4.028334408998489
1.0   -0.012629330158233643
1.0   21.770943105220795
1.0   28.36340820789337
1.0   12.33243453502655
1.0   11.857104539871216
1.0   -5.254977710545063
1.0   28.034547924995422
1.0   4.964395761489868
1.0   11.061926066875458
1.0   20.519801884889603
1.0   -0.7067450881004333
1.0   20.827645242214203
1.0   24.91970992088318
1.0   30.67831116914749
1.0   2.521827459335327
AUC-ROC: 0.8918, AUC-PR: 0.9648
0.0   -3.7446085028350353
0.0   0.3093273937702179
0.0   -1.4732234477996826
0.0   2.9804751873016357
0.0   0.13470175862312317
0.0   2.853375554084778
0.0   2.779740333557129
0.0   1.4907552897930145
0.0   1.6030683517456055
0.0   -0.2282894253730774
0.0   0.41182929277420044
0.0   -1.1156005337834358
0.0   -2.655594527721405
0.0   -2.414026204496622
0.0   2.896870732307434
0.0   -0.47447919845581055
0.0   -2.0129801481962204
0.0   -1.4669634625315666
0.0   -3.151006668806076
0.0   -0.8474712669849396
0.0   -3.049875319004059
0.0   -0.8458957076072693
0.0   -1.4855422228574753
0.0   -2.869040295481682
0.0   -1.9734447002410889
0.0   -0.7679377496242523
0.0   -2.843020334839821
0.0   -0.8567132353782654
1.0   16.481327652931213
1.0   18.654201865196228
1.0   13.167169690132141
1.0   10.414555549621582
1.0   3.987292528152466
1.0   10.818106651306152
1.0   15.462958693504333
1.0   7.37697696685791
1.0   6.782420873641968
1.0   17.534847617149353
1.0   12.58296823501587
1.0   14.196961045265198
1.0   25.054400265216827
1.0   5.682288289070129
1.0   13.01470673084259
1.0   16.00599777698517
1.0   15.77651596069336
1.0   7.11910605430603
1.0   5.801812171936035
1.0   12.355133891105652
1.0   7.050946891307831
1.0   0.46532560139894485
1.0   11.988171815872192
1.0   11.640995621681213
1.0   29.39365541934967
1.0   18.61293375492096
1.0   7.954485058784485
1.0   7.03244948387146
1.0   8.603674411773682
1.0   -0.7242095768451691
1.0   2.9996516704559326
1.0   6.0546382665634155
1.0   4.719661593437195
1.0   4.479317545890808
1.0   7.203518867492676
1.0   1.9659751653671265
1.0   5.874825477600098
1.0   1.5109308362007141
1.0   7.0307536125183105
1.0   19.352381825447083
1.0   5.084558188915253
1.0   13.22811472415924
1.0   19.488402247428894
1.0   1.8965561389923096
1.0   15.588310837745667
1.0   5.893380284309387
1.0   2.328783631324768
1.0   8.249066472053528
1.0   1.2306431531906128
1.0   10.942390322685242
1.0   1.839647889137268
1.0   -3.537572517991066
1.0   -5.451257240027189
1.0   -2.073172390460968
1.0   -0.3655506521463394
1.0   0.35341962426900864
1.0   17.69176697731018
1.0   15.129168272018433
1.0   3.4438197016716003
1.0   17.216113924980164
1.0   -5.2967443615198135
1.0   19.49004590511322
1.0   8.048307418823242
1.0   7.735651016235352
1.0   13.777441680431366
1.0   -3.078819751739502
1.0   10.979911208152771
1.0   17.355547428131104
1.0   27.85664063692093
1.0   1.017493724822998
AUC-ROC: 0.8995, AUC-PR: 0.9661
0.0   -4.337899373844266
0.0   -3.7034207340329885
0.0   -3.582632202655077
0.0   -0.574994295835495
0.0   -3.0086671337485313
0.0   -2.1743005476891994
0.0   -2.2113968655467033
0.0   -4.069664942100644
0.0   -2.6327737998217344
0.0   -3.374404851347208
0.0   -3.286989986896515
0.0   -4.382590318098664
0.0   -4.495164563879371
0.0   -3.9424522947520018
0.0   -0.664249524474144
0.0   -3.917586175724864
0.0   -4.278768500313163
0.0   -4.212177362293005
0.0   -4.056131452322006
0.0   -3.838564669713378
0.0   -4.520697684958577
0.0   -3.0395525246858597
0.0   -3.9642758928239346
0.0   -4.042927131056786
0.0   -4.115286773070693
0.0   -2.8803796134889126
0.0   -4.033119719475508
0.0   -3.6690067499876022
1.0   7.853540897369385
1.0   16.319416105747223
1.0   8.040517568588257
1.0   9.317427396774292
1.0   2.46049165725708
1.0   7.622945427894592
1.0   7.7788156270980835
1.0   2.1647048592567444
1.0   -1.689827799797058
1.0   14.742005944252014
1.0   5.462035417556763
1.0   13.466280221939087
1.0   22.723634660243988
1.0   6.08694851398468
1.0   7.786967515945435
1.0   11.90177708864212
1.0   11.013791680335999
1.0   3.246190905570984
1.0   2.793910026550293
1.0   11.161736190319061
1.0   -2.6098287850618362
1.0   -4.972885273396969
1.0   6.879987120628357
1.0   9.063779592514038
1.0   29.558348916471004
1.0   17.657355099916458
1.0   2.0776661038398743
1.0   0.8691787123680115
1.0   6.069438934326172
1.0   -3.8219131510704756
1.0   -1.5919963717460632
1.0   1.241043597459793
1.0   0.038894444704055786
1.0   2.864472985267639
1.0   3.1528462171554565
1.0   -1.0866863578557968
1.0   4.922871947288513
1.0   0.20063722133636475
1.0   4.00051212310791
1.0   21.35481709241867
1.0   4.55391526222229
1.0   9.334559679031372
1.0   13.397830545902252
1.0   1.70223730802536
1.0   12.722146928310394
1.0   -0.437927782535553
1.0   0.2033492922782898
1.0   0.1312776505947113
1.0   -0.14701735973358154
1.0   5.430070996284485
1.0   -0.5210694074630737
1.0   -4.514242768287659
1.0   -5.206851279363036
1.0   -3.3140850365161896
1.0   -2.592714309692383
1.0   -4.182277407497168
1.0   11.741437643766403
1.0   20.751957885921
1.0   -3.25501156039536
1.0   14.127817749977112
1.0   -5.198177145794034
1.0   12.137873947620392
1.0   1.2410928457975388
1.0   4.996667981147766
1.0   18.706184647977352
1.0   -4.376694735139608
1.0   0.9242577254772186
1.0   10.61754384636879
1.0   27.00651890039444
1.0   -2.2205339521169662
AUC-ROC: 0.8949, AUC-PR: 0.9660
0.0   -4.4371173158288
0.0   -3.7457406409084797
0.0   -3.9126687981188297
0.0   -1.4956212118268013
0.0   -3.392669416964054
0.0   -2.786868654191494
0.0   -2.965176995843649
0.0   -4.288343690335751
0.0   -3.2763569466769695
0.0   -3.844352997839451
0.0   -3.4954843930900097
0.0   -4.513534791767597
0.0   -4.706501916050911
0.0   -4.139289183542132
0.0   -1.5681464225053787
0.0   -4.098339719697833
0.0   -4.412229156121612
0.0   -4.392994426190853
0.0   -4.1998827420175076
0.0   -4.087503474205732
0.0   -4.559283763170242
0.0   -3.165937338024378
0.0   -4.197386655956507
0.0   -4.112903464585543
0.0   -4.1490858644247055
0.0   -3.21356862783432
0.0   -4.223696464672685
0.0   -3.9545745104551315
1.0   9.16221821308136
1.0   14.115190088748932
1.0   6.9411211013793945
1.0   9.387245297431946
1.0   2.266011595726013
1.0   8.385663390159607
1.0   5.465986847877502
1.0   0.9621079564094543
1.0   -1.728411614894867
1.0   13.32096266746521
1.0   4.170918703079224
1.0   12.862692594528198
1.0   23.753765642642975
1.0   4.577882647514343
1.0   5.840203404426575
1.0   11.533860445022583
1.0   9.087476372718811
1.0   1.6117175817489624
1.0   2.3135815858840942
1.0   10.550967335700989
1.0   -2.0949320010840893
1.0   -5.015953509137034
1.0   6.512646019458771
1.0   6.558194398880005
1.0   21.276974260807037
1.0   16.37750083208084
1.0   1.8514156937599182
1.0   0.536072313785553
1.0   4.599874258041382
1.0   -3.808305164799094
1.0   -1.8232879936695099
1.0   0.7234490215778351
1.0   -0.7007419466972351
1.0   2.225620210170746
1.0   2.0243149995803833
1.0   -1.1551419720053673
1.0   3.672581911087036
1.0   0.27345508337020874
1.0   3.3344603776931763
1.0   16.15795999765396
1.0   2.2524814903736115
1.0   6.615421652793884
1.0   9.655553460121155
1.0   1.7134060263633728
1.0   10.762672066688538
1.0   -1.0344249606132507
1.0   -0.5351102203130722
1.0   -0.6530361771583557
1.0   -0.8020665645599365
1.0   4.562484979629517
1.0   -0.32179397344589233
1.0   -4.461947623640299
1.0   -5.29987826757133
1.0   -4.008469682186842
1.0   -3.871933264657855
1.0   -4.400646795518696
1.0   6.037512809038162
1.0   12.297564625740051
1.0   -3.251700211316347
1.0   5.90692675113678
1.0   -5.295761005952954
1.0   6.5655534863471985
1.0   1.814181536436081
1.0   4.3856059312820435
1.0   12.79433360695839
1.0   -4.424894396215677
1.0   2.957054018974304
1.0   10.094258487224579
1.0   21.757026970386505
1.0   -2.6065049320459366
AUC-ROC: 0.8959, AUC-PR: 0.9665
0.0   -3.4892730563879013
0.0   -1.8270568996667862
0.0   -2.434541903436184
0.0   1.9027105569839478
0.0   -1.1753702759742737
0.0   0.8299944400787354
0.0   -0.12512481212615967
0.0   -3.303513530641794
0.0   -1.3286029249429703
0.0   -2.951671451330185
0.0   -0.8702175915241241
0.0   -3.8124693343415856
0.0   -4.226793522015214
0.0   -2.754318490624428
0.0   1.806218147277832
0.0   -2.955804441124201
0.0   -3.599029265344143
0.0   -3.547038447111845
0.0   -2.768686294555664
0.0   -2.8048382438719273
0.0   -3.9541312074288726
0.0   -0.6292434483766556
0.0   -3.029618911445141
0.0   -2.7422117553651333
0.0   -3.093772509135306
0.0   -0.17121553421020508
0.0   -2.8037677854299545
0.0   -2.4454291611909866
1.0   15.983893498778343
1.0   20.462311655282974
1.0   11.031080454587936
1.0   13.023193776607513
1.0   5.47157895565033
1.0   12.27901703119278
1.0   12.49080741405487
1.0   5.035642027854919
1.0   1.4412835836410522
1.0   17.667482942342758
1.0   10.24714481830597
1.0   16.586262613534927
1.0   26.20468980073929
1.0   11.66209101676941
1.0   9.871994972229004
1.0   17.59900814294815
1.0   12.927300348877907
1.0   6.151053205132484
1.0   5.78999911621213
1.0   16.67970985174179
1.0   2.008457601070404
1.0   -4.473910400643945
1.0   11.168158739805222
1.0   11.323024451732635
1.0   28.974628120660782
1.0   20.15064686536789
1.0   7.179516792297363
1.0   3.795828402042389
1.0   9.424038052558899
1.0   -1.9801011979579926
1.0   1.8169845342636108
1.0   4.554879039525986
1.0   2.6220834851264954
1.0   6.833908822387457
1.0   5.412164330482483
1.0   2.6388551592826843
1.0   11.179148495197296
1.0   3.8441035747528076
1.0   11.038300842046738
1.0   24.534484192728996
1.0   8.319480061531067
1.0   18.06465657800436
1.0   19.671987272799015
1.0   7.196587979793549
1.0   17.058591313660145
1.0   2.95845764875412
1.0   3.873724341392517
1.0   4.722030520439148
1.0   2.583206295967102
1.0   9.036826968193054
1.0   4.266196370124817
1.0   -3.243378147482872
1.0   -5.274799818173051
1.0   -1.5351517796516418
1.0   -1.3157761096954346
1.0   -2.7891462594270706
1.0   10.88317734003067
1.0   19.59255415201187
1.0   -0.4719288796186447
1.0   15.340961217880249
1.0   -5.27625235915184
1.0   12.529579102993011
1.0   7.2147849798202515
1.0   8.91236363351345
1.0   19.10376312583685
1.0   -3.554164733737707
1.0   12.657846093177795
1.0   14.18516492843628
1.0   25.34371417760849
1.0   -0.20904505252838135
AUC-ROC: 0.9061, AUC-PR: 0.9695
0.0   -3.3323105834424496
0.0   -1.5304692089557648
0.0   -2.373193848878145
0.0   1.8103176355361938
0.0   -0.9322049915790558
0.0   0.8966923356056213
0.0   -0.9078472256660461
0.0   -3.292995683848858
0.0   -1.4702461585402489
0.0   -3.221817746758461
0.0   -0.6802162528038025
0.0   -3.9077405501157045
0.0   -4.301887089386582
0.0   -2.390529215335846
0.0   1.4252464771270752
0.0   -2.895566761493683
0.0   -3.769039651378989
0.0   -3.437229111790657
0.0   -2.388483315706253
0.0   -2.6209900081157684
0.0   -4.0421581426635385
0.0   -0.06691929697990417
0.0   -2.728372760117054
0.0   -2.549515198916197
0.0   -3.075701205059886
0.0   0.5378974676132202
0.0   -2.496674247086048
0.0   -2.322126805782318
1.0   15.503441795706749
1.0   20.350379645824432
1.0   11.450236916542053
1.0   12.438531041145325
1.0   5.345199346542358
1.0   12.50753766298294
1.0   12.10498058795929
1.0   5.369905471801758
1.0   1.6827623844146729
1.0   17.744692236185074
1.0   9.229430556297302
1.0   16.198093593120575
1.0   24.842299818992615
1.0   10.364553689956665
1.0   10.170983910560608
1.0   18.20976784825325
1.0   13.617780536413193
1.0   5.485207285732031
1.0   6.476850867271423
1.0   16.11673231422901
1.0   0.8987210914492607
1.0   -4.374108284711838
1.0   10.323333747684956
1.0   12.603066205978394
1.0   28.54154473543167
1.0   17.795892119407654
1.0   6.688857734203339
1.0   3.5951967239379883
1.0   7.5966081619262695
1.0   -1.7853498607873917
1.0   1.9079937934875488
1.0   4.935073167085648
1.0   3.04783833026886
1.0   6.618272513151169
1.0   6.261562347412109
1.0   2.7507097721099854
1.0   10.97188252210617
1.0   3.7759194374084473
1.0   10.880771607160568
1.0   25.390145536512136
1.0   8.159778416156769
1.0   18.481522895395756
1.0   19.853097900748253
1.0   5.689071036875248
1.0   16.955051887780428
1.0   3.5233131647109985
1.0   3.1541305780410767
1.0   3.347103714942932
1.0   3.2331689596176147
1.0   9.411357522010803
1.0   3.88094162940979
1.0   -3.2823031172156334
1.0   -5.239575818181038
1.0   -1.77052840590477
1.0   -2.4933791533112526
1.0   -3.074203612282872
1.0   10.108348786830902
1.0   19.523887891322374
1.0   0.7257865369319916
1.0   13.215871691703796
1.0   -5.244470598176122
1.0   11.509524166584015
1.0   4.663469463586807
1.0   9.565238565206528
1.0   19.133973887190223
1.0   -3.5184157006442547
1.0   9.483018517494202
1.0   12.868774175643921
1.0   25.943927228450775
1.0   0.21786731481552124
AUC-ROC: 0.9020, AUC-PR: 0.9684
0.0   -3.0122893657535315
0.0   -0.8376716673374176
0.0   -1.748384639620781
0.0   3.3409392833709717
0.0   -0.17539775371551514
0.0   2.1521120071411133
0.0   0.6932777464389801
0.0   -2.7795742489397526
0.0   -0.33445772528648376
0.0   -2.363391362130642
0.0   0.40630394220352173
0.0   -3.5053678527474403
0.0   -3.97446561511606
0.0   -1.9240647852420807
0.0   3.178013026714325
0.0   -2.1597036235034466
0.0   -3.0521791726350784
0.0   -3.020549811422825
0.0   -1.9785249680280685
0.0   -2.1919594183564186
0.0   -3.6800216622650623
0.0   0.7262223660945892
0.0   -2.2638453394174576
0.0   -2.02435689419508
0.0   -2.6171563901007175
0.0   1.2868175506591797
0.0   -1.9957998991012573
0.0   -1.712569311261177
1.0   19.59143377840519
1.0   19.732337579131126
1.0   11.895238995552063
1.0   14.147284120321274
1.0   8.535086631774902
1.0   15.445374637842178
1.0   14.052615761756897
1.0   5.9825122356414795
1.0   3.14348703622818
1.0   16.611048847436905
1.0   11.300232738256454
1.0   17.90012677013874
1.0   27.237235710024834
1.0   11.38740736246109
1.0   13.903316527605057
1.0   18.536811277270317
1.0   13.71795029193163
1.0   6.509598031640053
1.0   6.471145987510681
1.0   17.515772942453623
1.0   7.004708409309387
1.0   -3.204009387642145
1.0   12.968956127762794
1.0   15.485919684171677
1.0   30.794300749897957
1.0   20.157848179340363
1.0   11.654715597629547
1.0   3.8227279782295227
1.0   11.530733302235603
1.0   -0.676610141992569
1.0   3.226415276527405
1.0   5.291842296719551
1.0   4.147359311580658
1.0   7.20707892626524
1.0   6.259921073913574
1.0   5.220532655715942
1.0   13.852880984544754
1.0   4.644719362258911
1.0   13.843848541378975
1.0   26.33178250491619
1.0   13.354532063007355
1.0   22.776271522045135
1.0   24.03477343916893
1.0   9.22276072204113
1.0   19.43098893761635
1.0   5.689947128295898
1.0   7.192094445228577
1.0   6.337198257446289
1.0   4.009105682373047
1.0   10.716400846838951
1.0   5.500804454088211
1.0   -0.9814626574516296
1.0   -5.152542437426746
1.0   -0.27886801958084106
1.0   -0.11977237462997437
1.0   -0.13337770104408264
1.0   12.368618905544281
1.0   21.182952132076025
1.0   4.78393118083477
1.0   16.938140511512756
1.0   -5.17495961394161
1.0   15.080314576625824
1.0   11.288308143615723
1.0   9.751905918121338
1.0   19.488160494714975
1.0   -3.1064567510038614
1.0   17.643525928258896
1.0   16.094116926193237
1.0   23.26489895582199
1.0   0.8306080102920532
AUC-ROC: 0.9214, AUC-PR: 0.9744
0.0   -3.3386074118316174
0.0   -1.5049969404935837
0.0   -1.9267650470137596
0.0   2.764509379863739
0.0   -0.4232136607170105
0.0   1.8676764965057373
0.0   1.0123707056045532
0.0   -2.8875243607908487
0.0   -0.8717381060123444
0.0   -2.7830617539584637
0.0   -0.7775177657604218
0.0   -3.8161616660654545
0.0   -4.05871506780386
0.0   -1.989004135131836
0.0   2.1595569849014282
0.0   -2.1539141684770584
0.0   -3.476736983284354
0.0   -3.3687625331804156
0.0   -2.497807264328003
0.0   -2.79758483171463
0.0   -3.8810461554676294
0.0   -0.019732773303985596
0.0   -2.9196218252182007
0.0   -2.5632508136332035
0.0   -2.9933038037270308
0.0   0.2778530716896057
0.0   -2.503165677189827
0.0   -2.2440715432167053
1.0   19.403425805270672
1.0   19.626237392425537
1.0   12.96346378326416
1.0   15.685513615608215
1.0   8.158595204353333
1.0   15.276728451251984
1.0   13.289564073085785
1.0   5.208975911140442
1.0   2.065933108329773
1.0   19.4303767234087
1.0   12.78242889046669
1.0   20.901034727692604
1.0   27.723626643419266
1.0   13.559988856315613
1.0   12.99034583568573
1.0   20.363929331302643
1.0   13.319359421730042
1.0   5.840567626059055
1.0   5.846772693097591
1.0   20.15400243550539
1.0   4.506498247385025
1.0   -3.797124359756708
1.0   12.17956605553627
1.0   12.697533339262009
1.0   29.209260404109955
1.0   19.1779762506485
1.0   8.624847173690796
1.0   4.006769180297852
1.0   8.156933099031448
1.0   -0.9072161614894867
1.0   3.016424536705017
1.0   5.091556295752525
1.0   3.724495530128479
1.0   7.238251114264131
1.0   5.8926615715026855
1.0   3.2296987771987915
1.0   11.08674156665802
1.0   3.9386991262435913
1.0   12.01992130279541
1.0   24.031410716474056
1.0   9.82715618610382
1.0   20.953573141247034
1.0   22.314176455140114
1.0   6.898959532380104
1.0   17.618192613124847
1.0   3.7872060537338257
1.0   3.6772607564926147
1.0   4.9351197481155396
1.0   2.7439606189727783
1.0   9.673371464014053
1.0   5.052655398845673
1.0   -1.821300644427538
1.0   -5.193118626251817
1.0   -2.08014777302742
1.0   -2.3892657961696386
1.0   -0.8758658757433295
1.0   10.348395645618439
1.0   17.781346037983894
1.0   2.758982479572296
1.0   13.824801087379456
1.0   -5.1975597171112895
1.0   12.563488364219666
1.0   9.893876522779465
1.0   9.67998918890953
1.0   18.374138213694096
1.0   -3.5347284246236086
1.0   15.399765580892563
1.0   13.775373578071594
1.0   23.749441534280777
1.0   0.3027946352958679
AUC-ROC: 0.9143, AUC-PR: 0.9720
0.0   -3.1796636572107673
0.0   -1.1686045229434967
0.0   -1.6041803359985352
0.0   3.2200496196746826
0.0   -0.18553444743156433
0.0   2.6586437225341797
0.0   1.0491832494735718
0.0   -2.64412247762084
0.0   -0.2119223177433014
0.0   -2.3508969247341156
0.0   0.38066232204437256
0.0   -3.744266640394926
0.0   -4.005009530112147
0.0   -1.8443377912044525
0.0   3.718616545200348
0.0   -2.1556992530822754
0.0   -3.5058996733278036
0.0   -3.120176710188389
0.0   -2.1021554321050644
0.0   -2.4051912650465965
0.0   -3.835643555969
0.0   0.367391973733902
0.0   -2.4292479306459427
0.0   -2.206610254943371
0.0   -2.7888789288699627
0.0   0.786137044429779
0.0   -2.1955252289772034
0.0   -2.050466075539589
1.0   21.01851913332939
1.0   19.48083944618702
1.0   12.053871780633926
1.0   16.678725764155388
1.0   9.179495394229889
1.0   16.314281582832336
1.0   14.1643625497818
1.0   6.21980619430542
1.0   3.0977386236190796
1.0   17.31419362127781
1.0   11.999577283859253
1.0   21.28491648286581
1.0   30.033329278230667
1.0   11.768393218517303
1.0   13.621253728866577
1.0   20.324907138943672
1.0   13.733243279159069
1.0   6.405347429215908
1.0   6.505276240408421
1.0   18.59224223718047
1.0   6.664062201976776
1.0   -3.9408478597179055
1.0   14.396809570491314
1.0   14.997689485549927
1.0   30.747161149978638
1.0   21.799267679452896
1.0   12.418779879808426
1.0   4.710801839828491
1.0   12.939870089292526
1.0   -1.0630080103874207
1.0   3.78286075592041
1.0   5.49614942073822
1.0   3.9143308997154236
1.0   7.355200499296188
1.0   6.575371980667114
1.0   4.277608036994934
1.0   9.743815541267395
1.0   4.965906262397766
1.0   10.7377550303936
1.0   22.096205852925777
1.0   14.52276599407196
1.0   18.0681530572474
1.0   21.287266939878464
1.0   9.821160551160574
1.0   16.92707036435604
1.0   3.4961608946323395
1.0   7.420275926589966
1.0   5.580893874168396
1.0   2.506145477294922
1.0   9.483243063092232
1.0   5.9704315066337585
1.0   -1.970051258802414
1.0   -5.182976650074124
1.0   -1.4629490971565247
1.0   -3.1053615529090166
1.0   -1.8536540567874908
1.0   9.661712169647217
1.0   18.84835410118103
1.0   2.0596509724855423
1.0   12.666336178779602
1.0   -5.165640726219863
1.0   13.063419997692108
1.0   10.289516657590866
1.0   11.45984536409378
1.0   18.173564836382866
1.0   -3.4094012193381786
1.0   14.878977417945862
1.0   16.500167846679688
1.0   26.562343925237656
1.0   0.6698768734931946
AUC-ROC: 0.9051, AUC-PR: 0.9690
0.0   -2.405242398381233
0.0   0.13906985521316528
0.0   -0.8278355002403259
0.0   4.537957012653351
0.0   0.47177931666374207
0.0   4.114752113819122
0.0   3.5288883447647095
0.0   -2.1196048595011234
0.0   0.810839056968689
0.0   -2.028809569776058
0.0   1.7443631291389465
0.0   -3.262000948190689
0.0   -3.8013489921577275
0.0   -1.0021451711654663
0.0   4.873969487845898
0.0   -1.627013273537159
0.0   -3.1110150702297688
0.0   -2.481873005628586
0.0   -0.9792953133583069
0.0   -1.2652457803487778
0.0   -3.503335368819535
0.0   1.7681440711021423
0.0   -1.6391471177339554
0.0   -1.0690039992332458
0.0   -2.057842843234539
0.0   2.106324791908264
0.0   -1.174714207649231
0.0   -1.1756641566753387
1.0   22.075676267966628
1.0   22.441302865743637
1.0   15.234619826078415
1.0   17.952979624271393
1.0   10.63926911354065
1.0   17.352464765310287
1.0   15.467188835144043
1.0   7.347987949848175
1.0   4.36497437953949
1.0   21.01666671037674
1.0   14.882489562034607
1.0   22.1267633959651
1.0   30.87747585773468
1.0   14.325376510620117
1.0   15.645674675703049
1.0   22.997625455260277
1.0   14.408879175782204
1.0   7.971784017980099
1.0   8.227840855717659
1.0   21.839426059275866
1.0   6.07205057144165
1.0   -3.9299709582701325
1.0   15.93897320330143
1.0   15.119588695466518
1.0   30.16552986204624
1.0   23.572291776537895
1.0   10.60847045481205
1.0   5.6959755420684814
1.0   13.227719310671091
1.0   -0.15570542216300964
1.0   5.174279451370239
1.0   7.352658726274967
1.0   5.033903315663338
1.0   8.822049763053656
1.0   6.554836630821228
1.0   6.1827283799648285
1.0   13.40827976167202
1.0   6.094491004943848
1.0   13.962415549904108
1.0   26.90837525948882
1.0   12.236279010772705
1.0   22.21381956897676
1.0   23.01659679785371
1.0   10.217969544231892
1.0   21.05663675069809
1.0   6.144187226891518
1.0   6.274563431739807
1.0   7.899274170398712
1.0   4.858125329017639
1.0   11.897108193486929
1.0   6.835866093635559
1.0   -1.5145005881786346
1.0   -5.212074802722782
1.0   -1.5996208786964417
1.0   -2.104488790035248
1.0   -2.415555347688496
1.0   11.371061205863953
1.0   21.29828518629074
1.0   1.8310610204935074
1.0   17.475186228752136
1.0   -5.187982592266053
1.0   14.320173144340515
1.0   11.847176790237427
1.0   13.160777740180492
1.0   19.49445748515427
1.0   -2.9156567975878716
1.0   16.784452810883522
1.0   15.508944511413574
1.0   26.20021742582321
1.0   2.061802327632904
AUC-ROC: 0.8934, AUC-PR: 0.9658
0.0   -3.157961029559374
0.0   -1.154825046658516
0.0   -2.073441319167614
0.0   2.7328683137893677
0.0   -0.44281822443008423
0.0   2.2983497381210327
0.0   -0.05139029026031494
0.0   -2.9894303642213345
0.0   -0.9283185005187988
0.0   -2.8725541085004807
0.0   0.3760873079299927
0.0   -3.7021480705589056
0.0   -4.1015477906912565
0.0   -1.9198013544082642
0.0   3.9707685708999634
0.0   -2.627117369323969
0.0   -3.6229561204090714
0.0   -3.2051960099488497
0.0   -2.1308916062116623
0.0   -2.348865918815136
0.0   -3.882449708878994
0.0   0.24790987372398376
0.0   -2.450648605823517
0.0   -2.2787245735526085
0.0   -2.8952816426754
0.0   0.8258762955665588
0.0   -2.3729163631796837
0.0   -2.144493669271469
1.0   14.974283754825592
1.0   18.88410420715809
1.0   11.538417845964432
1.0   12.082107663154602
1.0   5.342263698577881
1.0   10.981723070144653
1.0   12.33485221862793
1.0   5.715797066688538
1.0   2.2947685718536377
1.0   17.810488134622574
1.0   10.256360232830048
1.0   16.13532906770706
1.0   25.3021819293499
1.0   9.563942074775696
1.0   10.256645917892456
1.0   19.5749132335186
1.0   13.568115592002869
1.0   6.6629034373909235
1.0   6.769485890865326
1.0   16.89530161768198
1.0   4.251381576061249
1.0   -4.209227711893618
1.0   13.066252246499062
1.0   13.237638726830482
1.0   29.148688927292824
1.0   21.665406212210655
1.0   7.748721390962601
1.0   4.621676921844482
1.0   10.724692150950432
1.0   -1.691955640912056
1.0   3.398606538772583
1.0   5.80747402459383
1.0   3.323606312274933
1.0   7.157891057431698
1.0   5.8868571519851685
1.0   3.194504141807556
1.0   10.603767931461334
1.0   4.689576983451843
1.0   11.156099796295166
1.0   23.891278997063637
1.0   10.069772183895111
1.0   18.953259935602546
1.0   19.98942793160677
1.0   7.3665556982159615
1.0   17.622857309877872
1.0   3.388169825077057
1.0   3.595109224319458
1.0   4.972664773464203
1.0   3.128264307975769
1.0   9.341678649187088
1.0   5.698559284210205
1.0   -2.6922231912612915
1.0   -5.150335049256682
1.0   -2.011311024427414
1.0   -3.7131518237292767
1.0   -3.4641269613057375
1.0   10.423217236995697
1.0   19.481852121651173
1.0   -0.8703384324908257
1.0   14.372387886047363
1.0   -5.131602557376027
1.0   12.38723510503769
1.0   9.481618046760559
1.0   10.81037275493145
1.0   18.322945844382048
1.0   -3.5431517343968153
1.0   11.327783405780792
1.0   13.057820081710815
1.0   26.26661717891693
1.0   0.5128043293952942
AUC-ROC: 0.8883, AUC-PR: 0.9638
0.0   -2.1707243621349335
0.0   0.9253812432289124
0.0   -0.8890593647956848
0.0   3.849801003932953
0.0   1.070468246936798
0.0   3.7133681178092957
0.0   1.7263792157173157
0.0   -2.435814466327429
0.0   0.7065219879150391
0.0   -2.6673056725412607
0.0   2.56544291973114
0.0   -3.112528994679451
0.0   -3.953432435169816
0.0   -0.5587607026100159
0.0   5.145095109939575
0.0   -1.6884297132492065
0.0   -3.114613078534603
0.0   -2.3425869047641754
0.0   -0.27888989448547363
0.0   -0.6534509062767029
0.0   -3.487414699047804
0.0   2.119125783443451
0.0   -1.0241498947143555
0.0   -0.7109374105930328
0.0   -1.7846007645130157
0.0   2.5303510427474976
0.0   -0.7284027338027954
0.0   -0.9926885068416595
1.0   16.31954462826252
1.0   20.707869574427605
1.0   12.322943180799484
1.0   13.651193462312222
1.0   6.304853081703186
1.0   12.083597481250763
1.0   15.81300213932991
1.0   7.274157024919987
1.0   3.646726369857788
1.0   17.267858922481537
1.0   11.963927142322063
1.0   18.880124129354954
1.0   25.641983836889267
1.0   10.70865786075592
1.0   14.071414545178413
1.0   17.78414510190487
1.0   14.965394742786884
1.0   7.117439601570368
1.0   7.653020076453686
1.0   14.037319216877222
1.0   2.8110538125038147
1.0   -4.511859372258186
1.0   12.599459506571293
1.0   12.794315434992313
1.0   26.74132525920868
1.0   20.64923796802759
1.0   8.935001239180565
1.0   4.976411461830139
1.0   11.863664340227842
1.0   -0.5508315861225128
1.0   4.63076651096344
1.0   6.970309875905514
1.0   5.099484384059906
1.0   8.73086178675294
1.0   6.688149929046631
1.0   4.325279533863068
1.0   9.76598010212183
1.0   5.60614275932312
1.0   10.82121816650033
1.0   24.677573706954718
1.0   11.507471650838852
1.0   19.15002377703786
1.0   17.81643483042717
1.0   8.09790831245482
1.0   18.428143875673413
1.0   4.706862568855286
1.0   4.761466205120087
1.0   5.857072710990906
1.0   4.4753737449646
1.0   10.094435170292854
1.0   6.421368554234505
1.0   -2.7655546069145203
1.0   -5.334441088140011
1.0   -2.5601931512355804
1.0   -3.878867033869028
1.0   -3.773617137223482
1.0   9.36814996600151
1.0   18.574731171131134
1.0   -0.9684123247861862
1.0   12.226306915283203
1.0   -5.3169719241559505
1.0   11.045193016529083
1.0   8.44255194067955
1.0   10.953594967722893
1.0   17.7418050840497
1.0   -2.8087914437055588
1.0   14.16023987531662
1.0   14.796960353851318
1.0   25.787298023700714
1.0   2.3129563331604004
AUC-ROC: 0.8704, AUC-PR: 0.9584
0.0   -2.510116897523403
0.0   -0.011979430913925171
0.0   -1.628550723195076
0.0   2.8137667179107666
0.0   0.29402345418930054
0.0   2.969167947769165
0.0   0.767885833978653
0.0   -2.7921297065913677
0.0   -0.33955609798431396
0.0   -3.0830851159989834
0.0   2.006078004837036
0.0   -3.1528672678396106
0.0   -3.8929667212069035
0.0   -1.051654189825058
0.0   4.074070692062378
0.0   -2.0803945660591125
0.0   -3.211783431470394
0.0   -2.723592311143875
0.0   -1.1450064778327942
0.0   -1.3675310760736465
0.0   -3.552436228841543
0.0   1.4461992979049683
0.0   -1.6759021431207657
0.0   -1.4986467435956001
0.0   -2.2105163410305977
0.0   2.0798731446266174
0.0   -1.3730637431144714
0.0   -1.349148541688919
1.0   18.361098434776068
1.0   16.89423096179962
1.0   10.991782560944557
1.0   11.383917704224586
1.0   7.689405202865601
1.0   13.494117319583893
1.0   11.951136112213135
1.0   6.005585938692093
1.0   3.7439533472061157
1.0   17.866854801774025
1.0   10.29000087082386
1.0   17.11131576448679
1.0   27.44634386897087
1.0   8.794325649738312
1.0   11.224989891052246
1.0   18.567699372768402
1.0   12.59779155254364
1.0   5.844146873801947
1.0   7.044287528842688
1.0   15.550532627850771
1.0   5.121871739625931
1.0   -4.343133925460279
1.0   12.245660945773125
1.0   16.30728180706501
1.0   31.150846913456917
1.0   20.48603567481041
1.0   8.543230831623077
1.0   4.641607999801636
1.0   10.72883702814579
1.0   -1.1078124940395355
1.0   3.3311883211135864
1.0   7.25372464209795
1.0   4.984968453645706
1.0   7.937890265136957
1.0   7.319688558578491
1.0   4.524607956409454
1.0   13.210926115512848
1.0   4.454052805900574
1.0   14.162269297987223
1.0   25.909211153164506
1.0   12.232985228300095
1.0   22.562679272145033
1.0   23.121196541935205
1.0   6.478648751974106
1.0   18.697664389386773
1.0   4.157496735453606
1.0   4.432554185390472
1.0   6.372117817401886
1.0   4.193621397018433
1.0   11.824892669916153
1.0   5.449828028678894
1.0   -2.6562179177999496
1.0   -5.279151634778827
1.0   -2.4088656902313232
1.0   -3.3301009498536587
1.0   -3.5213229758664966
1.0   12.06747642159462
1.0   20.409017503261566
1.0   1.9783949553966522
1.0   15.022425293922424
1.0   -5.278965862467885
1.0   13.735658586025238
1.0   11.515388816595078
1.0   10.84463781863451
1.0   20.330869734287262
1.0   -3.214849404990673
1.0   17.474396377801895
1.0   16.075867176055908
1.0   25.220263719558716
1.0   1.5953519344329834
AUC-ROC: 0.8847, AUC-PR: 0.9637
0.0   -3.132406543008983
0.0   -0.8964451849460602
0.0   -2.1470527425408363
0.0   1.9156643152236938
0.0   -0.2949278652667999
0.0   2.1725215911865234
0.0   -0.12323419004678726
0.0   -3.167039878666401
0.0   -0.8618811666965485
0.0   -3.358876054175198
0.0   0.6564427614212036
0.0   -3.5268122851848602
0.0   -4.107876770198345
0.0   -1.5383329689502716
0.0   3.30610990524292
0.0   -2.5447647273540497
0.0   -3.60241612046957
0.0   -3.2513612378388643
0.0   -1.827339231967926
0.0   -2.0528756380081177
0.0   -3.897047541104257
0.0   0.4160034954547882
0.0   -2.2314185947179794
0.0   -2.2351714372634888
0.0   -2.7449558302760124
0.0   1.093695878982544
0.0   -2.0034852027893066
0.0   -1.9810195118188858
1.0   16.63600431755185
1.0   15.6426240503788
1.0   9.705928713083267
1.0   10.642003864049911
1.0   6.233270883560181
1.0   12.080775380134583
1.0   9.9856898188591
1.0   5.376875102519989
1.0   2.6722541451454163
1.0   15.31453463435173
1.0   9.211294293403625
1.0   17.020550802350044
1.0   25.798049867153168
1.0   7.4179607629776
1.0   11.211554646492004
1.0   16.438755698502064
1.0   12.47287205606699
1.0   5.303944231942296
1.0   6.424082329496741
1.0   13.052667126059532
1.0   4.095853507518768
1.0   -4.486429708078504
1.0   10.472975205630064
1.0   12.984436258673668
1.0   26.280227407813072
1.0   18.6371907889843
1.0   7.27880185842514
1.0   3.1048295497894287
1.0   10.426530711352825
1.0   -1.7012268155813217
1.0   3.039820432662964
1.0   5.788940578699112
1.0   4.019927084445953
1.0   7.153074024245143
1.0   6.07491660118103
1.0   3.2865330576896667
1.0   8.673493534326553
1.0   3.1492817401885986
1.0   10.027299970388412
1.0   22.03515664488077
1.0   10.014626443386078
1.0   18.074579507112503
1.0   18.3009120747447
1.0   6.586590807884932
1.0   15.841401305049658
1.0   2.945630371570587
1.0   3.2267242670059204
1.0   4.4577237367630005
1.0   2.929545223712921
1.0   9.307939201593399
1.0   3.5909534096717834
1.0   -3.236485406756401
1.0   -5.346436156891286
1.0   -3.260133981704712
1.0   -3.838708618655801
1.0   -3.864322889596224
1.0   8.716494411230087
1.0   17.04460299015045
1.0   0.056938111782073975
1.0   11.306489944458008
1.0   -5.346644754521549
1.0   10.687628328800201
1.0   10.422167509794235
1.0   9.420281924307346
1.0   16.952688559889793
1.0   -3.681318148970604
1.0   15.843884646892548
1.0   14.350566387176514
1.0   22.738568633794785
1.0   0.5487989783287048
AUC-ROC: 0.8791, AUC-PR: 0.9615
0.0   -2.502151906490326
0.0   0.044741421937942505
0.0   -1.5374833643436432
0.0   2.613622307777405
0.0   0.16410791873931885
0.0   2.899158239364624
0.0   0.4185590445995331
0.0   -2.9208511356264353
0.0   -0.1982501745223999
0.0   -3.1250700699165463
0.0   1.9307936429977417
0.0   -3.2652940498664975
0.0   -3.974554660730064
0.0   -0.9882226586341858
0.0   4.03669947385788
0.0   -2.1876120045781136
0.0   -3.324237698689103
0.0   -2.799540162086487
0.0   -1.0337547957897186
0.0   -1.2925896048545837
0.0   -3.6198995150625706
0.0   1.3671450018882751
0.0   -1.4759415686130524
0.0   -1.349884420633316
0.0   -2.2081043049693108
0.0   2.1052491664886475
0.0   -1.2600232064723969
0.0   -1.403527557849884
1.0   17.899363473057747
1.0   17.068239122629166
1.0   11.389047116041183
1.0   12.31980349123478
1.0   7.233018457889557
1.0   13.165703773498535
1.0   11.481727540493011
1.0   6.405859142541885
1.0   3.5286699533462524
1.0   17.01146423816681
1.0   9.92351719737053
1.0   17.872840590775013
1.0   27.34966951608658
1.0   8.276245415210724
1.0   12.023185849189758
1.0   18.406605139374733
1.0   13.22055658698082
1.0   5.738430812954903
1.0   6.85698015242815
1.0   15.29594773426652
1.0   5.01490592956543
1.0   -4.337031437084079
1.0   12.254772268235683
1.0   14.751357957720757
1.0   28.63607694208622
1.0   20.078197672963142
1.0   9.055915504693985
1.0   4.440024018287659
1.0   11.67489106208086
1.0   -1.065049797296524
1.0   4.299073576927185
1.0   6.791151076555252
1.0   4.607077419757843
1.0   8.256109219044447
1.0   6.559959292411804
1.0   4.662332117557526
1.0   10.325300589203835
1.0   5.277920603752136
1.0   11.024842850863934
1.0   21.111288825049996
1.0   12.86694410443306
1.0   16.7630398478359
1.0   20.033871728926897
1.0   8.278253870084882
1.0   15.203683907166123
1.0   3.7173802256584167
1.0   4.75384259223938
1.0   5.60431569814682
1.0   3.4817779064178467
1.0   8.82943244278431
1.0   5.634327232837677
1.0   -2.7773249745368958
1.0   -5.295608674176037
1.0   -2.5669524371623993
1.0   -3.704020408913493
1.0   -3.553734725341201
1.0   8.70784506201744
1.0   17.30150891467929
1.0   0.8703171461820602
1.0   10.094422936439514
1.0   -5.292221808806062
1.0   11.535775005817413
1.0   10.043742656707764
1.0   10.517643496394157
1.0   17.604738442227244
1.0   -3.2373358458280563
1.0   16.45069971680641
1.0   15.400261163711548
1.0   24.517962038517
1.0   1.2595952153205872
AUC-ROC: 0.8827, AUC-PR: 0.9629
0.0   -2.388215161859989
0.0   0.2991430163383484
0.0   -1.412283331155777
0.0   3.5553494691848755
0.0   0.5349242091178894
0.0   3.0885722637176514
0.0   1.0165232419967651
0.0   -2.7117070984095335
0.0   -0.056306660175323486
0.0   -2.9122129511088133
0.0   2.317802309989929
0.0   -2.896230336278677
0.0   -3.773315103724599
0.0   -0.9156722724437714
0.0   5.064750015735626
0.0   -1.9081372022628784
0.0   -2.99623073451221
0.0   -2.547936327755451
0.0   -0.8795710206031799
0.0   -1.114826887845993
0.0   -3.426931593567133
0.0   1.679982304573059
0.0   -1.4084755629301071
0.0   -1.3579653650522232
0.0   -1.9855394959449768
0.0   2.487769365310669
0.0   -1.1166121661663055
0.0   -1.2154807895421982
1.0   15.346439238637686
1.0   20.506054401397705
1.0   10.983085840940475
1.0   11.209849670529366
1.0   5.37236088514328
1.0   10.775916039943695
1.0   15.649593234062195
1.0   6.6918004155159
1.0   3.477491617202759
1.0   17.144460380077362
1.0   12.253291681408882
1.0   16.66522156447172
1.0   24.319567680358887
1.0   10.755191802978516
1.0   13.78232616186142
1.0   17.358533397316933
1.0   13.567281261086464
1.0   6.416808780282736
1.0   7.346596121788025
1.0   13.744973191991448
1.0   3.525573492050171
1.0   -4.109190750867128
1.0   10.29642965272069
1.0   12.871230475604534
1.0   25.67907141894102
1.0   17.35109455883503
1.0   7.927906394004822
1.0   3.965486168861389
1.0   10.682970620691776
1.0   -0.6826736330986023
1.0   4.72990608215332
1.0   6.828552804887295
1.0   5.126190200448036
1.0   8.95158340036869
1.0   6.869207739830017
1.0   4.350155860185623
1.0   10.435411542654037
1.0   5.166536808013916
1.0   11.999273095279932
1.0   22.207737712189555
1.0   10.524240225553513
1.0   19.767550380900502
1.0   18.945808574557304
1.0   7.53644691221416
1.0   14.180412005633116
1.0   4.544933632016182
1.0   4.220843076705933
1.0   4.406960546970367
1.0   4.268153667449951
1.0   10.057747043669224
1.0   5.912817269563675
1.0   -2.15644671022892
1.0   -5.224034764803946
1.0   -2.4895147383213043
1.0   -3.2077367063611746
1.0   -3.178835278376937
1.0   9.111179172992706
1.0   16.123503521084785
1.0   1.8007141947746277
1.0   13.16176426410675
1.0   -5.238766549155116
1.0   9.794334948062897
1.0   9.446785241365433
1.0   9.580569565296173
1.0   17.597724836319685
1.0   -3.133321963250637
1.0   16.795784063637257
1.0   14.855022311210632
1.0   24.788746505975723
1.0   1.7194674611091614
AUC-ROC: 0.8806, AUC-PR: 0.9616
0.0   -2.2342009097337723
0.0   0.4502885341644287
0.0   -1.4019204378128052
0.0   2.909503698348999
0.0   0.2209949493408203
0.0   2.3915502429008484
0.0   0.7328394949436188
0.0   -2.72551416605711
0.0   -0.02173537015914917
0.0   -2.928454151842743
0.0   1.6028556823730469
0.0   -2.947972122579813
0.0   -3.7980521246790886
0.0   -0.9124704003334045
0.0   3.955023944377899
0.0   -1.8112112879753113
0.0   -2.9912421219050884
0.0   -2.4648128747940063
0.0   -0.7082118093967438
0.0   -0.9568927586078644
0.0   -3.3975137639790773
0.0   1.7661809921264648
0.0   -1.1861059665679932
0.0   -0.984996885061264
0.0   -1.8588591068983078
0.0   1.875540316104889
0.0   -1.01498743891716
0.0   -1.105212926864624
1.0   18.90246120095253
1.0   20.13673807680607
1.0   11.771555632352829
1.0   14.226628363132477
1.0   7.8599390387535095
1.0   13.777304291725159
1.0   15.471732795238495
1.0   6.57174551486969
1.0   3.969949722290039
1.0   19.10505586862564
1.0   12.9544165879488
1.0   19.730233434587717
1.0   28.052433907985687
1.0   11.610886335372925
1.0   13.890354201197624
1.0   19.462003111839294
1.0   13.587653622031212
1.0   5.845537066459656
1.0   6.477690756320953
1.0   16.815366638824344
1.0   5.050451040267944
1.0   -4.093097892589867
1.0   12.803550466895103
1.0   13.518255904316902
1.0   27.011127442121506
1.0   20.66067749261856
1.0   8.431962430477142
1.0   5.118210196495056
1.0   10.942403443157673
1.0   -0.6530149281024933
1.0   4.7849074602127075
1.0   7.090914085507393
1.0   4.835018217563629
1.0   8.545330546796322
1.0   7.491100430488586
1.0   5.2597396075725555
1.0   10.58547680824995
1.0   6.11939263343811
1.0   12.22067666053772
1.0   23.98246822692454
1.0   12.145632341504097
1.0   20.30196211487055
1.0   19.79664072021842
1.0   7.940767385065556
1.0   17.510991217568517
1.0   4.2944543063640594
1.0   4.977650701999664
1.0   6.506680846214294
1.0   4.422356009483337
1.0   10.570380568504333
1.0   6.709136143326759
1.0   -2.072407230734825
1.0   -5.197385921142995
1.0   -1.9048885107040405
1.0   -3.428456347435713
1.0   -3.1948996745049953
1.0   9.675045490264893
1.0   18.86053916066885
1.0   3.0752781331539154
1.0   13.220605254173279
1.0   -5.201128168031573
1.0   11.76429033279419
1.0   11.339455038309097
1.0   11.091844763606787
1.0   17.710557725280523
1.0   -2.9501075744628906
1.0   17.786802977323532
1.0   15.490630626678467
1.0   25.09815540909767
1.0   1.5775562524795532
AUC-ROC: 0.8883, AUC-PR: 0.9652
0.0   -2.9492102451622486
0.0   -0.5669641494750977
0.0   -1.9609252214431763
0.0   2.3191874027252197
0.0   -0.1275440752506256
0.0   2.5055649280548096
0.0   0.23042893409729004
0.0   -3.0943085327744484
0.0   -0.7751777470111847
0.0   -3.3967664781957865
0.0   0.9706616401672363
0.0   -3.345837344415486
0.0   -4.1260221768170595
0.0   -1.3623842298984528
0.0   3.4658658504486084
0.0   -2.3515832126140594
0.0   -3.489894539117813
0.0   -3.117784336209297
0.0   -1.548960953950882
0.0   -1.8091145753860474
0.0   -3.8169079665094614
0.0   0.7323114573955536
0.0   -2.0715018957853317
0.0   -2.000039502978325
0.0   -2.593809850513935
0.0   1.3811187148094177
0.0   -1.6964226067066193
0.0   -1.8105442523956299
1.0   18.37267480790615
1.0   18.310817927122116
1.0   10.57953616976738
1.0   12.531258165836334
1.0   7.075759172439575
1.0   13.111950159072876
1.0   14.006950795650482
1.0   5.3705573081970215
1.0   2.8657270073890686
1.0   17.884208634495735
1.0   11.917213827371597
1.0   19.23562189936638
1.0   26.974076062440872
1.0   10.611649870872498
1.0   13.740402817726135
1.0   17.833837673068047
1.0   12.471191346645355
1.0   5.674640666693449
1.0   6.660633608698845
1.0   15.52172515541315
1.0   5.305477529764175
1.0   -4.46719073690474
1.0   11.750195920467377
1.0   13.965918689966202
1.0   26.820973992347717
1.0   20.013598024845123
1.0   8.457993745803833
1.0   3.706109404563904
1.0   11.62305000424385
1.0   -1.3165402710437775
1.0   3.687331438064575
1.0   6.004029892385006
1.0   4.470436632633209
1.0   7.960876975208521
1.0   6.169551253318787
1.0   4.355119109153748
1.0   9.511277496814728
1.0   3.983129382133484
1.0   10.856468364596367
1.0   23.876471035182476
1.0   11.77462649345398
1.0   19.550751443952322
1.0   19.298429042100906
1.0   7.627737917006016
1.0   17.634481549263
1.0   3.1657289266586304
1.0   4.136502146720886
1.0   5.821297645568848
1.0   2.906543493270874
1.0   10.232995092868805
1.0   4.626126527786255
1.0   -2.959443062543869
1.0   -5.372678800486028
1.0   -3.2709482312202454
1.0   -3.7597560826689005
1.0   -3.922046270221472
1.0   9.577459216117859
1.0   17.716452568769455
1.0   0.43492192029953003
1.0   10.590004682540894
1.0   -5.382745434530079
1.0   11.946503460407257
1.0   11.648789018392563
1.0   10.922049097716808
1.0   17.133793514221907
1.0   -3.6596290562301874
1.0   18.225765705108643
1.0   15.35120713710785
1.0   22.23147040605545
1.0   0.8839181065559387
AUC-ROC: 0.8821, AUC-PR: 0.9630
0.0   -2.2172275334596634
0.0   0.6264787018299103
0.0   -1.0757614374160767
0.0   3.90723317861557
0.0   0.8632475137710571
0.0   3.1771159172058105
0.0   1.237940400838852
0.0   -2.563195336610079
0.0   0.33800607919692993
0.0   -2.896804103627801
0.0   2.5362921953201294
0.0   -2.8446197416633368
0.0   -3.7707976335659623
0.0   -0.39243805408477783
0.0   4.377607941627502
0.0   -1.7431471347808838
0.0   -2.884653553366661
0.0   -2.4768346324563026
0.0   -0.6894537806510925
0.0   -0.9122143983840942
0.0   -3.34656675811857
0.0   2.053000509738922
0.0   -1.20181205868721
0.0   -1.0029687881469727
0.0   -1.8586103543639183
0.0   2.5350974798202515
0.0   -0.8188044130802155
0.0   -1.0267793387174606
1.0   18.564444839954376
1.0   16.85463324189186
1.0   11.832614168524742
1.0   12.200506016612053
1.0   7.222467064857483
1.0   13.373066127300262
1.0   11.520827889442444
1.0   6.610278904438019
1.0   4.147092819213867
1.0   17.668781772255898
1.0   10.865943916141987
1.0   17.46274257078767
1.0   27.01633843779564
1.0   9.256157279014587
1.0   11.591822385787964
1.0   19.153726793825626
1.0   13.740682117640972
1.0   6.211873404681683
1.0   7.454954065382481
1.0   15.876725804060698
1.0   5.081480145454407
1.0   -4.111349423415959
1.0   12.879106543958187
1.0   13.229382760822773
1.0   27.875059090554714
1.0   20.45636495947838
1.0   9.735419124364853
1.0   4.681726694107056
1.0   11.9784537255764
1.0   -0.5131344199180603
1.0   5.233509063720703
1.0   7.476697713136673
1.0   5.1775830537080765
1.0   8.767290372401476
1.0   6.4155086278915405
1.0   6.0087243020534515
1.0   11.449008002877235
1.0   5.480494141578674
1.0   13.174556165933609
1.0   24.272919215261936
1.0   12.18823504447937
1.0   21.493125090375543
1.0   20.8798046708107
1.0   8.736091542989016
1.0   17.60600783675909
1.0   4.473841406404972
1.0   5.5789841413497925
1.0   7.051113724708557
1.0   4.582389235496521
1.0   10.287225604057312
1.0   5.859682977199554
1.0   -2.074403464794159
1.0   -5.246286243200302
1.0   -2.7458529323339462
1.0   -3.238578375428915
1.0   -3.259888496249914
1.0   10.224378377199173
1.0   17.724550753831863
1.0   2.111081689596176
1.0   13.718358755111694
1.0   -5.256724213249981
1.0   11.6224085688591
1.0   11.576611310243607
1.0   11.270874351263046
1.0   18.821509685367346
1.0   -3.0330851413309574
1.0   19.175370827317238
1.0   16.289536833763123
1.0   23.202527552843094
1.0   1.7849848866462708
AUC-ROC: 0.8837, AUC-PR: 0.9635
0.0   -2.4257584661245346
0.0   0.10867512226104736
0.0   -1.3429210186004639
0.0   2.9106431007385254
0.0   0.30315929651260376
0.0   2.574798583984375
0.0   0.4584435820579529
0.0   -2.902110919356346
0.0   0.11197096109390259
0.0   -3.200635672546923
0.0   2.0476977825164795
0.0   -3.1142225489020348
0.0   -3.9879211550578475
0.0   -0.8216726779937744
0.0   3.9853668808937073
0.0   -2.048165336251259
0.0   -3.1902392879128456
0.0   -2.6834967881441116
0.0   -0.9381229281425476
0.0   -1.1551837623119354
0.0   -3.5859011728316545
0.0   1.6767520308494568
0.0   -1.441079020500183
0.0   -1.3378889113664627
0.0   -2.139950543642044
0.0   2.1515475511550903
0.0   -1.0882249176502228
0.0   -1.348072350025177
1.0   18.140303034335375
1.0   19.973959982395172
1.0   11.984863311052322
1.0   13.374703168869019
1.0   7.1718252301216125
1.0   13.097449511289597
1.0   14.439303576946259
1.0   6.443506136536598
1.0   3.7392619848251343
1.0   19.749746665358543
1.0   12.642896100878716
1.0   19.34537474811077
1.0   27.812645092606544
1.0   11.606707513332367
1.0   12.795304834842682
1.0   19.54419056326151
1.0   13.640371084213257
1.0   5.962608136236668
1.0   6.856238175183535
1.0   16.080510513857007
1.0   4.696210026741028
1.0   -4.329298155382276
1.0   11.328556314110756
1.0   15.26371742784977
1.0   28.522717222571373
1.0   19.411823093891144
1.0   7.336872965097427
1.0   4.690272808074951
1.0   9.456401951611042
1.0   -0.9823375046253204
1.0   3.9080522060394287
1.0   6.788847994059324
1.0   4.821921676397324
1.0   8.146236138418317
1.0   7.251161098480225
1.0   4.200111985206604
1.0   12.136498168110847
1.0   5.166934370994568
1.0   13.05629799515009
1.0   25.456903209909797
1.0   11.834114015102386
1.0   21.302506325766444
1.0   20.634034302085638
1.0   6.623222211375833
1.0   18.037803918123245
1.0   4.196521162986755
1.0   3.6768575310707092
1.0   5.2931323647499084
1.0   4.316720724105835
1.0   11.25751956552267
1.0   5.832054615020752
1.0   -2.8791947262361646
1.0   -5.274622940458357
1.0   -2.303679019212723
1.0   -3.6442754454910755
1.0   -3.516984662041068
1.0   11.074144929647446
1.0   20.206490844488144
1.0   2.8583674132823944
1.0   13.552576303482056
1.0   -5.28467686008662
1.0   13.15300738811493
1.0   10.513784974813461
1.0   10.598656244575977
1.0   18.802342653274536
1.0   -3.1904729455709457
1.0   17.3448733612895
1.0   14.984722256660461
1.0   24.621233969926834
1.0   1.4535094499588013
AUC-ROC: 0.8842, AUC-PR: 0.9636
0.0   -2.2742187529802322
0.0   0.5838640332221985
0.0   -0.9808565080165863
0.0   3.4023795127868652
0.0   0.694638580083847
0.0   3.0076842308044434
0.0   1.597203016281128
0.0   -2.4699061885476112
0.0   0.43512362241744995
0.0   -2.850944474339485
0.0   1.8013509511947632
0.0   -2.809459537267685
0.0   -3.7537339804694057
0.0   -0.5875173807144165
0.0   4.527730762958527
0.0   -1.5664867162704468
0.0   -2.8372263722121716
0.0   -2.5190356224775314
0.0   -0.6373253166675568
0.0   -0.9312795996665955
0.0   -3.3983810520730913
0.0   1.8765079975128174
0.0   -1.2151807248592377
0.0   -1.0311761796474457
0.0   -1.8075842261314392
0.0   2.0784602761268616
0.0   -0.9797182977199554
0.0   -1.0043039619922638
1.0   19.92189707234502
1.0   20.252395272254944
1.0   11.724800080060959
1.0   14.314342647790909
1.0   7.668240606784821
1.0   13.985681384801865
1.0   15.961858183145523
1.0   7.175073474645615
1.0   4.0356903076171875
1.0   18.672935515642166
1.0   14.097508735954762
1.0   20.303313456475735
1.0   28.453432202339172
1.0   12.143040776252747
1.0   14.918443530797958
1.0   20.049822457134724
1.0   13.739416293799877
1.0   6.207882441580296
1.0   6.851870942860842
1.0   17.074391283094883
1.0   5.464422136545181
1.0   -4.142210158519447
1.0   11.497954092919827
1.0   15.306998431682587
1.0   29.514948025345802
1.0   18.89706839621067
1.0   9.375024110078812
1.0   4.836200594902039
1.0   11.474889546632767
1.0   -0.5087797343730927
1.0   5.1175947189331055
1.0   7.800327613949776
1.0   5.21731136739254
1.0   9.181092750281096
1.0   7.3545331954956055
1.0   5.202160060405731
1.0   12.876975134015083
1.0   5.99375855922699
1.0   14.020636603236198
1.0   23.9976389054209
1.0   12.911197632551193
1.0   21.88284208625555
1.0   22.382388584315777
1.0   8.16925610601902
1.0   16.65528860874474
1.0   4.389628440141678
1.0   5.11893492937088
1.0   5.69258850812912
1.0   4.351468443870544
1.0   10.21714299917221
1.0   6.757719114422798
1.0   -1.6697410196065903
1.0   -5.255941773764789
1.0   -1.925039917230606
1.0   -3.158087132498622
1.0   -3.0477971928194165
1.0   10.86999225616455
1.0   18.598649337887764
1.0   3.9630909264087677
1.0   14.413865804672241
1.0   -5.2731320429593325
1.0   12.456668555736542
1.0   11.105500280857086
1.0   10.725885458290577
1.0   19.046782180666924
1.0   -3.0428319610655308
1.0   19.399880841374397
1.0   16.344606161117554
1.0   24.723126381635666
1.0   1.713249683380127
AUC-ROC: 0.8872, AUC-PR: 0.9646
0.0   -2.2005796283483505
0.0   0.5123521983623505
0.0   -1.0281659662723541
0.0   3.963741719722748
0.0   1.141280472278595
0.0   2.866340160369873
0.0   1.0279703438282013
0.0   -2.5380772948265076
0.0   0.6090705394744873
0.0   -2.96426591090858
0.0   2.4127966165542603
0.0   -2.921508237719536
0.0   -3.7725741965696216
0.0   -0.09963613748550415
0.0   4.3129565715789795
0.0   -1.680444061756134
0.0   -2.9727433221414685
0.0   -2.4783483743667603
0.0   -0.6923472285270691
0.0   -0.8676463961601257
0.0   -3.383396167308092
0.0   2.2025285959243774
0.0   -1.1014404892921448
0.0   -0.9883703291416168
0.0   -1.9213188737630844
0.0   2.556771755218506
0.0   -0.8523857295513153
0.0   -1.0607053339481354
1.0   18.219814712181687
1.0   18.254444375634193
1.0   11.836485281586647
1.0   12.794247448444366
1.0   7.108460366725922
1.0   12.972700625658035
1.0   12.354269176721573
1.0   6.524169385433197
1.0   3.917771100997925
1.0   18.958177253603935
1.0   11.499471016228199
1.0   18.143712159246206
1.0   27.609073877334595
1.0   10.705926299095154
1.0   11.39536963403225
1.0   19.892173029482365
1.0   14.108043439686298
1.0   5.736142572015524
1.0   6.886859871447086
1.0   16.889702647924423
1.0   3.3950941264629364
1.0   -4.30534914880991
1.0   11.722257135435939
1.0   12.980880446732044
1.0   27.251108214259148
1.0   19.083489947021008
1.0   7.825767710804939
1.0   4.383518934249878
1.0   9.004228683188558
1.0   -0.70395827293396
1.0   3.8963630199432373
1.0   7.323418825864792
1.0   5.115316450595856
1.0   8.674671106040478
1.0   6.4926518201828
1.0   4.54917848110199
1.0   10.997170239686966
1.0   4.457330822944641
1.0   12.600668586790562
1.0   24.431677160784602
1.0   10.259109482169151
1.0   20.95912162773311
1.0   19.968909300863743
1.0   6.643378062173724
1.0   17.737380536273122
1.0   4.308737367391586
1.0   3.864849090576172
1.0   6.171762555837631
1.0   3.967968702316284
1.0   9.910842508077621
1.0   5.319650262594223
1.0   -2.8242593854665756
1.0   -5.23422746732831
1.0   -2.8228683471679688
1.0   -3.6201521502807736
1.0   -3.386384797282517
1.0   10.461692988872528
1.0   17.72121538966894
1.0   1.9463769495487213
1.0   12.190457701683044
1.0   -5.238790586590767
1.0   12.012882471084595
1.0   10.35455647110939
1.0   10.483702130615711
1.0   18.484947426244617
1.0   -3.09535582177341
1.0   16.8033449947834
1.0   14.696009755134583
1.0   25.26588487625122
1.0   1.6494806408882141
AUC-ROC: 0.8755, AUC-PR: 0.9604
0.0   -2.1930310055613518
0.0   0.7657188177108765
0.0   -0.9206925928592682
0.0   3.561814785003662
0.0   1.0692351460456848
0.0   3.4737735986709595
0.0   1.185347557067871
0.0   -2.5431041102856398
0.0   0.6547110080718994
0.0   -2.947584026493132
0.0   2.64692223072052
0.0   -2.888740772381425
0.0   -3.795498751103878
0.0   -0.3930280804634094
0.0   5.012903451919556
0.0   -1.6364513486623764
0.0   -2.968005897477269
0.0   -2.432220220565796
0.0   -0.4660983979701996
0.0   -0.743920087814331
0.0   -3.354605787433684
0.0   1.8979897499084473
0.0   -0.9670709669589996
0.0   -0.9314980357885361
0.0   -1.7797936499118805
0.0   2.703185796737671
0.0   -0.7412702739238739
0.0   -1.0062299072742462
1.0   15.311575857922435
1.0   20.632832244038582
1.0   10.96292607486248
1.0   11.349263787269592
1.0   5.795491516590118
1.0   10.920226454734802
1.0   15.48174101114273
1.0   6.793449446558952
1.0   3.3494518995285034
1.0   18.585153982043266
1.0   12.815897971391678
1.0   18.039345774799585
1.0   24.171365782618523
1.0   11.647493839263916
1.0   12.953712403774261
1.0   17.536516461521387
1.0   13.299421146512032
1.0   6.511152923107147
1.0   7.195038206875324
1.0   13.105948943644762
1.0   3.2082690596580505
1.0   -4.329211797565222
1.0   10.342225773259997
1.0   13.547196581959724
1.0   27.955734133720398
1.0   17.497613094747066
1.0   8.763798713684082
1.0   3.9733599424362183
1.0   11.205519428476691
1.0   -0.5718657374382019
1.0   4.923354864120483
1.0   6.614866450428963
1.0   4.960298627614975
1.0   8.3995156660676
1.0   6.777060627937317
1.0   4.588269293308258
1.0   10.99003753066063
1.0   5.195053458213806
1.0   12.066510803997517
1.0   23.228353649377823
1.0   11.85090884566307
1.0   20.01723888516426
1.0   20.03346923738718
1.0   7.590191015973687
1.0   16.060021733865142
1.0   3.9097542613744736
1.0   4.742222309112549
1.0   4.692851305007935
1.0   4.038570523262024
1.0   9.760967765003443
1.0   5.911738142371178
1.0   -2.5719832479953766
1.0   -5.239215645939112
1.0   -2.4363796710968018
1.0   -3.7197150494903326
1.0   -3.537100173532963
1.0   9.891889601945877
1.0   16.78364998102188
1.0   1.8544605374336243
1.0   11.504238247871399
1.0   -5.2433792049996555
1.0   11.02253246307373
1.0   8.742405265569687
1.0   9.627215426415205
1.0   18.159771213307977
1.0   -3.0135563388466835
1.0   16.70716118812561
1.0   15.502618312835693
1.0   25.2082137465477
1.0   1.7394341230392456
AUC-ROC: 0.8740, AUC-PR: 0.9594
