0.0   2.4775878190994263
0.0   2.255387306213379
0.0   2.561476483941078
0.0   2.458794057369232
0.0   2.3883643746376038
0.0   2.925255388021469
0.0   4.6618296802043915
0.0   4.507467418909073
0.0   2.221473306417465
0.0   2.2883968353271484
0.0   2.5162154138088226
0.0   2.019959107041359
1.0   2.788098007440567
1.0   11.775514036417007
1.0   2.666411131620407
1.0   2.3687990605831146
1.0   32.514220260083675
1.0   2.655630961060524
1.0   2.305733025074005
1.0   72.47832882404327
1.0   2.0019735246896744
1.0   2.093248426914215
1.0   22.31256790459156
1.0   34.063560381531715
1.0   2.071193680167198
1.0   34.73230608738959
1.0   6.957646362483501
1.0   2.1568403989076614
1.0   43.7367023229599
1.0   25.8943789601326
1.0   21.40488488227129
1.0   50.37903040647507
AUC-ROC: 0.7083, AUC-PR: 0.8621
0.0   -0.7395387217402458
0.0   -0.530951052904129
0.0   -0.777547650039196
0.0   -0.7107298895716667
0.0   -0.6187209896743298
0.0   0.23427814245224
0.0   2.3502646684646606
0.0   2.961494266986847
0.0   -0.6727942489087582
0.0   -0.4735545292496681
0.0   -0.6383207961916924
0.0   0.253484845161438
1.0   4.496338844299316
1.0   15.831505924463272
1.0   0.5200586915016174
1.0   0.5543000400066376
1.0   32.15901753306389
1.0   -0.4726564660668373
1.0   1.3090897500514984
1.0   62.856118842959404
1.0   0.7860556840896606
1.0   -0.7026326581835747
1.0   31.995269641280174
1.0   58.22586874291301
1.0   -0.7503673546016216
1.0   46.67881389707327
1.0   10.51518127322197
1.0   0.714949369430542
1.0   61.3749840632081
1.0   63.4320223480463
1.0   46.58739531040192
1.0   81.1646985411644
AUC-ROC: 0.8583, AUC-PR: 0.9275
0.0   -3.5082272365689278
0.0   -3.4241396747529507
0.0   -3.6333739534020424
0.0   -3.5790937691926956
0.0   -3.371685467660427
0.0   -3.377158358693123
0.0   -1.7536464035511017
0.0   -1.4205729365348816
0.0   -1.3703283332288265
0.0   -0.31751661002635956
0.0   0.32151177525520325
0.0   -0.2845468521118164
1.0   4.51296079158783
1.0   15.998444676399231
1.0   -2.326874941587448
1.0   -2.887935571372509
1.0   45.67889446020126
1.0   -3.382597029209137
1.0   -1.053837388753891
1.0   73.94316232204437
1.0   2.5373306274414062
1.0   -3.4029357209801674
1.0   33.12032204866409
1.0   34.00408983230591
1.0   -3.556277133524418
1.0   44.49789759516716
1.0   4.793234825134277
1.0   -1.1087276339530945
1.0   57.00471901893616
1.0   56.26233971118927
1.0   38.04123151302338
1.0   67.56347733736038
AUC-ROC: 0.8167, AUC-PR: 0.9093
0.0   -4.813838332891464
0.0   -5.2580105029046535
0.0   -5.217526044696569
0.0   -5.00471680983901
0.0   -4.8381435833871365
0.0   -2.3204168379306793
0.0   1.321103811264038
0.0   1.529193639755249
0.0   -4.324808336794376
0.0   -4.339404437690973
0.0   -3.3991243578493595
0.0   -3.94252397865057
1.0   -4.791070863604546
1.0   20.137882322072983
1.0   -4.95604882016778
1.0   -3.920249179005623
1.0   29.398274302482605
1.0   -5.045657524839044
1.0   -2.233791708946228
1.0   45.04115215688944
1.0   10.15286636352539
1.0   -5.019037090241909
1.0   19.051331043243408
1.0   24.971473813056946
1.0   -5.208960035815835
1.0   25.713698625564575
1.0   6.958769679069519
1.0   -1.9376718401908875
1.0   28.871953278779984
1.0   33.36852788925171
1.0   24.492673993110657
1.0   38.18711560219526
AUC-ROC: 0.7750, AUC-PR: 0.8923
0.0   -4.955199079588056
0.0   -5.285919426009059
0.0   -5.24224984459579
0.0   -5.239702256396413
0.0   -4.991320381872356
0.0   1.1351596117019653
0.0   8.905988812446594
0.0   9.479116678237915
0.0   -5.033815475180745
0.0   -5.122655057348311
0.0   -4.89824865758419
0.0   -4.768067551776767
1.0   -5.033684419468045
1.0   29.24734715372324
1.0   -5.1483046524226665
1.0   -0.1988016963005066
1.0   32.99929893016815
1.0   -5.258570250123739
1.0   -2.3107264637947083
1.0   50.83018808066845
1.0   18.9058438539505
1.0   -4.679311219602823
1.0   23.436853528022766
1.0   33.74651876091957
1.0   -5.218574779108167
1.0   33.72990630567074
1.0   -0.10413223505020142
1.0   4.447831869125366
1.0   33.128961488604546
1.0   37.877180993556976
1.0   31.649232983589172
1.0   39.371155723929405
AUC-ROC: 0.7917, AUC-PR: 0.8934
0.0   -4.96625916287303
0.0   -5.1879283636808395
0.0   -5.141785819083452
0.0   -5.197621621191502
0.0   -5.193723198026419
0.0   0.17709344625473022
0.0   6.436199903488159
0.0   5.187355041503906
0.0   -5.122963145375252
0.0   -5.160582162439823
0.0   -5.075543761253357
0.0   -5.15172191336751
1.0   -5.003453977406025
1.0   25.810073629021645
1.0   -5.0624344274401665
1.0   -1.4378513246774673
1.0   32.36986346542835
1.0   -4.995623830705881
1.0   1.639969825744629
1.0   52.18387879431248
1.0   10.200971961021423
1.0   -5.1916885413229465
1.0   18.404289841651917
1.0   47.299301609396935
1.0   -5.171311315149069
1.0   36.82835001498461
1.0   2.3184240460395813
1.0   -1.693457007408142
1.0   39.34925125539303
1.0   50.29111586511135
1.0   35.7149797976017
1.0   49.26914922893047
AUC-ROC: 0.8292, AUC-PR: 0.9077
0.0   -5.921291422098875
0.0   -5.914249371737242
0.0   -5.913205160759389
0.0   -5.9077264834195375
0.0   -5.898135298863053
0.0   -5.3994192481040955
0.0   -1.0577028393745422
0.0   -1.9630075097084045
0.0   -5.782312398776412
0.0   -5.813724885694683
0.0   -5.734982513822615
0.0   -5.828072796575725
1.0   -5.771509874612093
1.0   9.226292610168457
1.0   -5.913325164467096
1.0   -5.911902972497046
1.0   32.022705256938934
1.0   -5.905620358884335
1.0   -5.669327599927783
1.0   40.29665616154671
1.0   2.636463463306427
1.0   -5.9016293082386255
1.0   29.263320803642273
1.0   33.44938496313989
1.0   -5.87145622074604
1.0   26.32218759506941
1.0   0.8231338858604431
1.0   0.9595012664794922
1.0   31.737199261784554
1.0   34.36922264099121
1.0   32.756551057100296
1.0   41.05684155784547
AUC-ROC: 0.7958, AUC-PR: 0.9013
0.0   -5.585704397410154
0.0   -5.587673349305987
0.0   -5.581214599311352
0.0   -5.57098282314837
0.0   -5.536314122378826
0.0   -1.7159888446331024
0.0   2.353087365627289
0.0   1.2422863841056824
0.0   -5.4742584098130465
0.0   -5.513785753399134
0.0   -5.480204334482551
0.0   -5.5281537203118205
1.0   -5.5669828951358795
1.0   23.178920924663544
1.0   -5.578252153471112
1.0   -5.575060864910483
1.0   37.81478351354599
1.0   -5.574155041016638
1.0   -5.357043638825417
1.0   45.342781230807304
1.0   6.659132719039917
1.0   -5.550836956128478
1.0   34.215295016765594
1.0   34.12916410341859
1.0   -5.452778549864888
1.0   32.061939008533955
1.0   0.268648624420166
1.0   1.5700454711914062
1.0   32.05071622133255
1.0   31.646385967731476
1.0   30.613570392131805
1.0   39.72790614515543
AUC-ROC: 0.7833, AUC-PR: 0.8914
0.0   -5.6522356774657965
0.0   -5.690518150106072
0.0   -5.686751764267683
0.0   -5.638919644057751
0.0   -4.490788176655769
0.0   -1.4191825687885284
0.0   4.496216416358948
0.0   3.8496384620666504
0.0   -5.348243720829487
0.0   -5.390958642587066
0.0   -5.327573087066412
0.0   -5.548174116760492
1.0   -5.283885709941387
1.0   49.151332437992096
1.0   -5.4118914771825075
1.0   -4.21506167948246
1.0   40.586865462362766
1.0   -5.658407965674996
1.0   -0.5309349894523621
1.0   57.54090265929699
1.0   20.38494861125946
1.0   -5.676942488178611
1.0   35.608966916799545
1.0   44.27877567708492
1.0   -5.5083500519394875
1.0   40.94260770082474
1.0   1.5132193565368652
1.0   14.053142070770264
1.0   40.60616108030081
1.0   45.04813485592604
1.0   40.46907243877649
1.0   47.03824394196272
AUC-ROC: 0.8125, AUC-PR: 0.9063
0.0   -5.407140849158168
0.0   -5.443532484117895
0.0   -5.455306394957006
0.0   -5.393023134674877
0.0   -5.238803368061781
0.0   -3.12526997923851
0.0   2.5924342274665833
0.0   -0.0804755687713623
0.0   -5.088498678058386
0.0   -5.25517706386745
0.0   -4.927375997882336
0.0   -5.407181927002966
1.0   -5.410278171766549
1.0   26.702220749109983
1.0   -5.427309053950012
1.0   -4.950369068421423
1.0   30.76632510125637
1.0   -5.4847275000065565
1.0   -4.196079075336456
1.0   47.615106124430895
1.0   15.271116554737091
1.0   -5.1733089867047966
1.0   26.16420540213585
1.0   40.017307709902525
1.0   5.998163163661957
1.0   41.39189977943897
1.0   -3.9138202741742134
1.0   3.8534547090530396
1.0   33.181629844009876
1.0   33.46033562719822
1.0   30.303843587636948
1.0   41.08504440635443
AUC-ROC: 0.8042, AUC-PR: 0.9076
0.0   -5.521885214373469
0.0   -5.524353525601327
0.0   -5.5220257714390755
0.0   -5.508038617670536
0.0   -5.43489720672369
0.0   -3.963007941842079
0.0   0.8712821006774902
0.0   -1.7753700613975525
0.0   -5.308002937585115
0.0   -5.396451685577631
0.0   -5.136978362686932
0.0   -5.478789628483355
1.0   -5.488490719348192
1.0   26.8575817681849
1.0   -5.495781917124987
1.0   -5.181593958288431
1.0   31.923924282193184
1.0   -5.53075809776783
1.0   -4.954251576215029
1.0   46.01116809248924
1.0   10.714207291603088
1.0   -5.5020800437778234
1.0   28.02165161073208
1.0   36.72818307764828
1.0   -4.587002918124199
1.0   39.21516234241426
1.0   -4.628668816760182
1.0   2.16498863697052
1.0   32.509814973920584
1.0   33.748196590691805
1.0   30.49212208390236
1.0   40.91255189105868
AUC-ROC: 0.7958, AUC-PR: 0.8985
0.0   -5.4380292147397995
0.0   -5.442876659333706
0.0   -5.436813160777092
0.0   -5.425515836104751
0.0   -5.364810041151941
0.0   -3.059787839651108
0.0   2.4357826113700867
0.0   -0.2425031065940857
0.0   -5.219359125941992
0.0   -5.312330770306289
0.0   -5.034550016745925
0.0   -5.3793249279260635
1.0   -5.405995371285826
1.0   27.60940695926547
1.0   -5.423339998349547
1.0   -5.202486832626164
1.0   30.99160461127758
1.0   -5.444928212091327
1.0   -4.55024878680706
1.0   48.91468872129917
1.0   13.130666434764862
1.0   -5.41521754488349
1.0   27.06755055487156
1.0   39.20875520631671
1.0   -4.818848684430122
1.0   40.75356073118746
1.0   -4.009548790752888
1.0   2.5352572202682495
1.0   33.76522671431303
1.0   37.88800984993577
1.0   32.304799020290375
1.0   41.28969940543175
AUC-ROC: 0.7958, AUC-PR: 0.8985
0.0   -5.507791176438332
0.0   -5.511084376834333
0.0   -5.5025348626077175
0.0   -5.495896145701408
0.0   -5.464097406715155
0.0   -2.924383282661438
0.0   2.767279803752899
0.0   -0.06829243898391724
0.0   -5.344373377040029
0.0   -5.411016006022692
0.0   -5.221424248069525
0.0   -5.457442983984947
1.0   -5.487590661272407
1.0   26.35665986314416
1.0   -5.505883898586035
1.0   -5.417272740975022
1.0   33.12332504987717
1.0   -5.515109675005078
1.0   -5.1259104534983635
1.0   50.36732026934624
1.0   8.179252624511719
1.0   -5.47779502812773
1.0   29.511982403695583
1.0   37.48518167808652
1.0   -1.5353916883468628
1.0   38.527741096913815
1.0   -4.793879732489586
1.0   2.3661885261535645
1.0   32.88048695772886
1.0   37.47454468533397
1.0   32.25457367300987
1.0   43.12433623149991
AUC-ROC: 0.7792, AUC-PR: 0.8913
0.0   -5.495517073199153
0.0   -5.497469367459416
0.0   -5.492222478613257
0.0   -5.481855005957186
0.0   -5.440696090459824
0.0   -1.9986732304096222
0.0   3.314175546169281
0.0   1.0753601789474487
0.0   -5.335730569437146
0.0   -5.396919678896666
0.0   -5.2059160098433495
0.0   -5.448167435824871
1.0   -5.468094239011407
1.0   28.050249978899956
1.0   -5.491485204547644
1.0   -5.303780653513968
1.0   33.05252321064472
1.0   -5.500049561262131
1.0   -4.908957332372665
1.0   50.45588568598032
1.0   12.51969861984253
1.0   -5.466204831376672
1.0   31.905079521238804
1.0   37.83865710347891
1.0   -4.126231051981449
1.0   37.74476724304259
1.0   -4.724136451259255
1.0   1.7806918621063232
1.0   31.480080980807543
1.0   38.21711749583483
1.0   30.738266170024872
1.0   37.74615783430636
AUC-ROC: 0.7875, AUC-PR: 0.8934
0.0   -5.4815603592433035
0.0   -5.482325415592641
0.0   -5.472229703562334
0.0   -5.462374647846445
0.0   -5.435535641852766
0.0   -0.16064804792404175
0.0   6.195410132408142
0.0   4.622410595417023
0.0   -5.3531612334772944
0.0   -5.4043214856646955
0.0   -5.26451814500615
0.0   -5.444693866185844
1.0   -5.473866168409586
1.0   22.675017716363072
1.0   -5.487869763281196
1.0   -5.449197493493557
1.0   30.750682145357132
1.0   -5.48897357750684
1.0   -5.1147668063640594
1.0   53.40141570940614
1.0   11.32326172851026
1.0   -4.385699346661568
1.0   28.975751660764217
1.0   41.33354267477989
1.0   10.186069130897522
1.0   38.787550777196884
1.0   -5.08616327540949
1.0   -0.021733462810516357
1.0   31.255114560946822
1.0   35.69487736746669
1.0   31.325967848300934
1.0   39.740715408697724
AUC-ROC: 0.7792, AUC-PR: 0.8963
0.0   -5.612393335904926
0.0   -5.610687719658017
0.0   -5.604864566586912
0.0   -5.591794633306563
0.0   -5.5631583272479475
0.0   -0.6513812839984894
0.0   4.145159602165222
0.0   1.7019522190093994
0.0   -5.4790417845360935
0.0   -5.520049151964486
0.0   -5.386830224655569
0.0   -5.552511536516249
1.0   -5.576400820631534
1.0   25.656116515398026
1.0   -5.608486899640411
1.0   -5.551817519590259
1.0   34.69647094607353
1.0   -5.609961058013141
1.0   -5.182749316096306
1.0   53.95957247167826
1.0   15.668822765350342
1.0   -5.581036738585681
1.0   35.06170637905598
1.0   37.68121203780174
1.0   -5.263198776170611
1.0   36.267221577465534
1.0   -4.992984050419182
1.0   1.403857946395874
1.0   29.788332052528858
1.0   40.70250476151705
1.0   30.457576900720596
1.0   40.06889017671347
AUC-ROC: 0.7792, AUC-PR: 0.8874
0.0   -5.5563291711732745
0.0   -5.557013740763068
0.0   -5.550314735621214
0.0   -5.531679915264249
0.0   -5.492662931792438
0.0   -0.30663344264030457
0.0   4.616640567779541
0.0   2.481853485107422
0.0   -5.4068842846900225
0.0   -5.460298737511039
0.0   -5.318296009674668
0.0   -5.498555263504386
1.0   -5.500852920114994
1.0   26.835487619042397
1.0   -5.554106774739921
1.0   -5.449367767199874
1.0   33.60468226671219
1.0   -5.553086843341589
1.0   -5.053126655519009
1.0   52.835225120186806
1.0   15.258741438388824
1.0   -5.519669682718813
1.0   35.1959969997406
1.0   36.80388731136918
1.0   -3.3067674413323402
1.0   38.89011285081506
1.0   -4.715116769075394
1.0   4.084981560707092
1.0   34.108554704114795
1.0   37.73270383477211
1.0   34.23560190200806
1.0   42.949289195239544
AUC-ROC: 0.7875, AUC-PR: 0.8924
0.0   -5.456741612404585
0.0   -5.456127229146659
0.0   -5.448483466170728
0.0   -5.436012507416308
0.0   -5.3972720662131906
0.0   0.6902465522289276
0.0   6.128153920173645
0.0   4.556718707084656
0.0   -5.33835089020431
0.0   -5.376315077766776
0.0   -5.247734993696213
0.0   -5.414271808229387
1.0   -5.395016145892441
1.0   28.69637905433774
1.0   -5.4507833532989025
1.0   -5.291146543808281
1.0   33.934784069657326
1.0   -5.455110838636756
1.0   -4.789266265928745
1.0   52.6886173710227
1.0   16.138559699058533
1.0   -5.422680357471108
1.0   35.28396041691303
1.0   38.19313346594572
1.0   -0.6567053645849228
1.0   40.032750360667706
1.0   -4.728109121322632
1.0   3.5327858924865723
1.0   32.308177921921015
1.0   38.32347800955176
1.0   32.670678555965424
1.0   40.570780377835035
AUC-ROC: 0.7958, AUC-PR: 0.8940
0.0   -5.57938842382282
0.0   -5.580863829702139
0.0   -5.572724373079836
0.0   -5.549138575792313
0.0   -5.516688455827534
0.0   0.5961894392967224
0.0   6.625244975090027
0.0   5.64194118976593
0.0   -5.4745322316884995
0.0   -5.512257179245353
0.0   -5.381079971790314
0.0   -5.541594095528126
1.0   -5.529085584450513
1.0   29.380679991096258
1.0   -5.569126958493143
1.0   -5.347399287857115
1.0   33.47645854949951
1.0   -5.579395302571356
1.0   -4.944213844835758
1.0   52.23092472180724
1.0   16.4301087744534
1.0   -3.6158598475158215
1.0   32.80138973891735
1.0   41.17264750227332
1.0   9.379034638404846
1.0   41.82457225397229
1.0   -4.774824914522469
1.0   3.3406145572662354
1.0   33.37452016584575
1.0   36.27557818964124
1.0   33.6574490070343
1.0   41.00460505485535
AUC-ROC: 0.8292, AUC-PR: 0.9130
0.0   -5.475046185776591
0.0   -5.47358512878418
0.0   -5.466513113118708
0.0   -5.447166269645095
0.0   -5.413491495884955
0.0   0.7522595524787903
0.0   6.500026702880859
0.0   5.994400262832642
0.0   -5.35207162424922
0.0   -5.3939999947324395
0.0   -5.223062335513532
0.0   -5.424804852344096
1.0   -5.405247338116169
1.0   33.18858316540718
1.0   -5.4556194972246885
1.0   -5.188618125393987
1.0   32.80947497487068
1.0   -5.470868717879057
1.0   -4.215373560786247
1.0   55.97477425634861
1.0   17.38087100163102
1.0   -5.229778393171728
1.0   32.469565726816654
1.0   41.35000951588154
1.0   7.900813162326813
1.0   39.16537380963564
1.0   -4.479198981076479
1.0   3.2188353538513184
1.0   31.351715186610818
1.0   40.4217233248055
1.0   31.811703965067863
1.0   39.21466228924692
AUC-ROC: 0.8333, AUC-PR: 0.9135
0.0   -5.47367050498724
0.0   -5.474428585730493
0.0   -5.467320080846548
0.0   -5.449647315777838
0.0   -5.426280625164509
0.0   0.6949610114097595
0.0   6.718539178371429
0.0   6.019369125366211
0.0   -5.3639235496521
0.0   -5.401894962415099
0.0   -5.247791458852589
0.0   -5.42713625356555
1.0   -5.411771766841412
1.0   32.818016175180674
1.0   -5.454532770439982
1.0   -5.150603098794818
1.0   34.45784209668636
1.0   -5.469867908395827
1.0   -4.273134350776672
1.0   56.89764155820012
1.0   17.90948098897934
1.0   -5.405196875333786
1.0   33.70212799310684
1.0   40.029142163693905
1.0   5.174432158470154
1.0   39.58966984786093
1.0   -4.585361625999212
1.0   4.433535099029541
1.0   33.336866645142436
1.0   40.225040189921856
1.0   34.865466341376305
1.0   40.95764431543648
AUC-ROC: 0.8167, AUC-PR: 0.9029
0.0   -5.462564527057111
0.0   -5.46456366032362
0.0   -5.458106445148587
0.0   -5.438773771747947
0.0   -5.413034715689719
0.0   0.42350876331329346
0.0   6.008530616760254
0.0   5.433840751647949
0.0   -5.353299894370139
0.0   -5.392499747686088
0.0   -5.24489270709455
0.0   -5.420223263092339
1.0   -5.3922411212697625
1.0   31.893673934042454
1.0   -5.442250348627567
1.0   -5.104898941703141
1.0   34.36296507716179
1.0   -5.458895010873675
1.0   -4.277835890650749
1.0   55.19337782636285
1.0   17.5635504424572
1.0   -5.357793103903532
1.0   34.20911896973848
1.0   40.59109961986542
1.0   6.7864089012146
1.0   40.375532645732164
1.0   -4.501217182725668
1.0   5.172629117965698
1.0   33.89780254662037
1.0   39.6116020642221
1.0   34.544014662504196
1.0   41.57030628062785
AUC-ROC: 0.8333, AUC-PR: 0.9133
0.0   -5.401517133228481
0.0   -5.4038257244974375
0.0   -5.396552414633334
0.0   -5.3766424297355115
0.0   -5.334552679210901
0.0   0.8155771493911743
0.0   6.880430698394775
0.0   6.064616918563843
0.0   -5.270103263668716
0.0   -5.316491120960563
0.0   -5.121950984932482
0.0   -5.349230050574988
1.0   -5.28809270542115
1.0   31.826494470238686
1.0   -5.367092747241259
1.0   -4.876587616279721
1.0   35.94489926099777
1.0   -5.398201088886708
1.0   -4.217778146266937
1.0   54.6140243858099
1.0   19.402435490861535
1.0   -5.183377433568239
1.0   35.32998310029507
1.0   41.953421004116535
1.0   8.251022338867188
1.0   42.60109871439636
1.0   -4.085645250976086
1.0   5.936440467834473
1.0   34.07756330817938
1.0   39.62284801527858
1.0   34.46296375244856
1.0   41.96036823838949
AUC-ROC: 0.8417, AUC-PR: 0.9164
0.0   -5.48529860470444
0.0   -5.484775800257921
0.0   -5.479776936583221
0.0   -5.461892310529947
0.0   -5.442658486776054
0.0   -0.5226353704929352
0.0   4.7487863302230835
0.0   3.507426619529724
0.0   -5.38455911539495
0.0   -5.4179179770872
0.0   -5.279473630711436
0.0   -5.440649994648993
1.0   -5.426739873364568
1.0   28.380751255899668
1.0   -5.47062439378351
1.0   -5.265645666047931
1.0   35.290843173861504
1.0   -5.480469007976353
1.0   -4.575668752193451
1.0   54.89133874326944
1.0   16.8857618868351
1.0   -5.421506344340742
1.0   34.5960935279727
1.0   41.76231347024441
1.0   5.563123911619186
1.0   41.85164859332144
1.0   -4.7210556250065565
1.0   3.728965640068054
1.0   33.78114382177591
1.0   38.00651416555047
1.0   34.2045196890831
1.0   41.89723162353039
AUC-ROC: 0.8292, AUC-PR: 0.9131
0.0   -5.477113157976419
0.0   -5.479847024194896
0.0   -5.473404871299863
0.0   -5.455756837502122
0.0   -5.434735404793173
0.0   -0.10811549425125122
0.0   5.433758795261383
0.0   4.377776145935059
0.0   -5.369854100048542
0.0   -5.405426112934947
0.0   -5.251144139096141
0.0   -5.4316119542345405
1.0   -5.4226794433780015
1.0   30.74468358978629
1.0   -5.4573927111923695
1.0   -5.135217592120171
1.0   34.696217119693756
1.0   -5.474288704805076
1.0   -4.406449735164642
1.0   56.02593820914626
1.0   17.83586272597313
1.0   -5.4298329167068005
1.0   33.564834736287594
1.0   40.622688461095095
1.0   4.184154897928238
1.0   39.9614302739501
1.0   -4.617580143734813
1.0   4.330499768257141
1.0   31.84543638303876
1.0   40.37051022052765
1.0   33.032845333218575
1.0   40.234518541023135
AUC-ROC: 0.8167, AUC-PR: 0.9029
0.0   -5.466864580754191
0.0   -5.467708867974579
0.0   -5.462577736005187
0.0   -5.444302825257182
0.0   -5.419495137408376
0.0   0.16875523328781128
0.0   5.7315033078193665
0.0   5.069283843040466
0.0   -5.35740955080837
0.0   -5.394340147729963
0.0   -5.234336125664413
0.0   -5.419351201504469
1.0   -5.399734735954553
1.0   32.19665349274874
1.0   -5.45011252630502
1.0   -5.165200644172728
1.0   34.144521713256836
1.0   -5.463000728748739
1.0   -4.449214294552803
1.0   56.115152325481176
1.0   18.068366318941116
1.0   -5.408016292378306
1.0   32.947850070893764
1.0   42.341570638120174
1.0   5.225982218980789
1.0   40.22449420206249
1.0   -4.439963540062308
1.0   5.298408031463623
1.0   33.3167784884572
1.0   41.44374439865351
1.0   34.29370009154081
1.0   41.28819690272212
AUC-ROC: 0.8250, AUC-PR: 0.9092
0.0   -5.598885606974363
0.0   -5.6002980917692184
0.0   -5.594902181066573
0.0   -5.575953967869282
0.0   -5.5529204700142145
0.0   -0.71964892745018
0.0   4.297460377216339
0.0   3.0645591020584106
0.0   -5.4806242706254125
0.0   -5.521457985974848
0.0   -5.35450663883239
0.0   -5.547173616476357
1.0   -5.5399647587910295
1.0   30.88269218802452
1.0   -5.580191498622298
1.0   -5.301063819788396
1.0   36.330091804265976
1.0   -5.593216611072421
1.0   -4.460145145654678
1.0   55.22196001559496
1.0   14.191609263420105
1.0   -5.555933562107384
1.0   35.09997309744358
1.0   38.29424235224724
1.0   3.0053519308567047
1.0   39.013871021568775
1.0   -4.748791603371501
1.0   3.5187900066375732
1.0   32.105883503332734
1.0   39.94824802130461
1.0   31.3272772282362
1.0   42.6372950039804
AUC-ROC: 0.8167, AUC-PR: 0.9044
0.0   -5.4337464165873826
0.0   -5.433645412325859
0.0   -5.428683585487306
0.0   -5.409357170574367
0.0   -5.376404815353453
0.0   0.3682170510292053
0.0   5.926777601242065
0.0   5.147984266281128
0.0   -5.311963193118572
0.0   -5.355698618106544
0.0   -5.176591620780528
0.0   -5.386366862803698
1.0   -5.339897198136896
1.0   33.01630038022995
1.0   -5.40649379324168
1.0   -4.984035952948034
1.0   38.11388402432203
1.0   -5.428409460466355
1.0   -4.216380923986435
1.0   56.38201969116926
1.0   21.345221461728215
1.0   -5.252137904055417
1.0   37.29848374053836
1.0   41.41937229409814
1.0   8.22957706451416
1.0   40.698000859469175
1.0   -4.414975851774216
1.0   4.7210047245025635
1.0   31.72433316707611
1.0   41.33932243660092
1.0   32.78895249962807
1.0   40.45248595997691
AUC-ROC: 0.8458, AUC-PR: 0.9176
0.0   -5.569814356043935
0.0   -5.570199329406023
0.0   -5.563354581594467
0.0   -5.545208412222564
0.0   -5.521273643709719
0.0   -0.20470666885375977
0.0   5.359761893749237
0.0   4.583181381225586
0.0   -5.455637113191187
0.0   -5.496690662112087
0.0   -5.33331631263718
0.0   -5.520224942825735
1.0   -5.509859894402325
1.0   31.606250185519457
1.0   -5.558625406585634
1.0   -5.330958081409335
1.0   36.536706283688545
1.0   -5.565695191733539
1.0   -4.5437730848789215
1.0   56.11715177819133
1.0   18.574855966493487
1.0   -5.321275491267443
1.0   35.565178617835045
1.0   41.5814011618495
1.0   9.312740683555603
1.0   38.269438326358795
1.0   -4.706130304373801
1.0   4.0114967823028564
1.0   32.032416159287095
1.0   40.27072083204985
1.0   32.7779678106308
1.0   41.47085134498775
AUC-ROC: 0.8375, AUC-PR: 0.9155
0.0   -5.516997686121613
0.0   -5.516693488229066
0.0   -5.5115410052239895
0.0   -5.492647293955088
0.0   -5.467291086912155
0.0   0.10107862949371338
0.0   5.481064140796661
0.0   4.321761846542358
0.0   -5.409322562161833
0.0   -5.44607667485252
0.0   -5.283004535362124
0.0   -5.469932628795505
1.0   -5.456597317010164
1.0   29.84680238738656
1.0   -5.501203121617436
1.0   -5.2549468241631985
1.0   36.33870738744736
1.0   -5.512141214217991
1.0   -4.507513836026192
1.0   54.30101339891553
1.0   17.230035264045
1.0   -4.474003531038761
1.0   34.97842239588499
1.0   41.08413542807102
1.0   10.982314050197601
1.0   39.300178525969386
1.0   -4.625302631407976
1.0   4.187534928321838
1.0   32.5639909747988
1.0   39.049234341830015
1.0   32.816527262330055
1.0   42.55243302695453
AUC-ROC: 0.8375, AUC-PR: 0.9155
