0.0   -5.419682112522423
0.0   -4.989685205742717
0.0   -4.001438140869141
0.0   -5.367402074392885
0.0   3.9500381350517273
0.0   -5.443498628679663
0.0   -5.451442176476121
0.0   -5.424851375631988
0.0   -5.472610246855766
0.0   -5.483225802890956
0.0   -5.290525844320655
0.0   -5.46280480036512
0.0   -3.432840645313263
0.0   -5.412935241125524
0.0   -5.401888702064753
0.0   -5.4409263506531715
0.0   -5.461543720215559
0.0   -5.153880625963211
0.0   -3.1914803832769394
0.0   -5.456421475857496
0.0   -5.425109724048525
0.0   3.5944252014160156
1.0   2.8330413699150085
1.0   0.16719529032707214
1.0   24.996860722079873
1.0   29.65767751634121
1.0   2.852615773677826
1.0   7.006246596574783
1.0   -2.528692066669464
1.0   -5.256436876952648
1.0   8.64020299911499
1.0   13.54593551158905
1.0   15.736361376941204
1.0   1.8734473586082458
1.0   34.083011105656624
1.0   -5.256436876952648
1.0   32.225602492690086
1.0   13.54593551158905
1.0   14.253541707992554
1.0   11.92451786994934
1.0   23.900283742696047
1.0   13.402671575546265
1.0   -5.379535487852991
1.0   -5.468483112752438
1.0   -4.3595838993787766
1.0   -2.4911745488643646
1.0   3.337924003601074
1.0   10.272241815924644
1.0   -4.055893709883094
1.0   -2.3848236445337534
1.0   31.712323807179928
1.0   1.2970654666423798
1.0   -5.260315786115825
1.0   5.836738169193268
1.0   -3.3182164430618286
1.0   -3.6780525520443916
1.0   26.510932754725218
1.0   -3.6410366147756577
1.0   -4.072623740881681
1.0   7.3245046734809875
1.0   34.59525777772069
1.0   27.714035775512457
1.0   -3.232670098543167
1.0   -2.455484688282013
1.0   16.8167589828372
1.0   -0.800509050488472
1.0   3.707817852497101
1.0   34.59525777772069
1.0   10.33611118607223
1.0   -1.367283284664154
1.0   14.11191463470459
1.0   -5.1722829062491655
1.0   -0.3688448518514633
1.0   8.22928124666214
1.0   2.933626800775528
1.0   -5.107364363968372
1.0   34.59525777772069
1.0   4.693945467472076
1.0   -2.134739339351654
1.0   2.127779930830002
1.0   -5.451005852781236
1.0   -2.8277056217193604
1.0   2.0710248351097107
1.0   34.59525777772069
1.0   0.8402654230594635
1.0   4.693945467472076
1.0   30.513220064342022
1.0   8.924413561820984
1.0   -4.468655128031969
1.0   -0.8063177764415741
1.0   -3.666087791323662
1.0   3.7577344179153442
1.0   5.971432566642761
1.0   -4.261564684100449
1.0   4.245027720928192
1.0   -2.993513196706772
1.0   -2.577680543065071
1.0   -3.1136146038770676
1.0   -1.6976885497570038
