0.0   -5.773740210570395
0.0   -5.757618217729032
0.0   -5.736610223539174
0.0   -5.735720991156995
0.0   -5.751156960148364
0.0   -5.75377132371068
0.0   -5.80466651590541
0.0   -5.781801539938897
0.0   -5.736086625605822
0.0   -5.731835892889649
0.0   -5.740206889808178
0.0   -5.788027811795473
0.0   -5.80175740364939
0.0   -5.8084382163360715
0.0   -5.768924697302282
0.0   -5.8132710619829595
0.0   -5.793233118951321
0.0   -5.7898940881714225
0.0   -5.7857607919722795
0.0   -5.778592687100172
0.0   -5.390523103997111
0.0   -5.786366098560393
0.0   -5.767609189264476
0.0   -5.795235428959131
0.0   -5.801347225904465
0.0   -5.838316077366471
0.0   -5.790901501663029
0.0   -5.811536544002593
0.0   -5.8194402158260345
0.0   -5.680425827391446
0.0   -5.802857997361571
0.0   -5.787610167637467
0.0   8.551536858081818
0.0   -5.453085838351399
0.0   -5.762963966000825
0.0   -5.639315598644316
0.0   -5.757891135290265
0.0   -5.771537845954299
0.0   -5.776702049653977
0.0   -5.730079893488437
0.0   -5.758173230104148
0.0   -5.792384396772832
0.0   -5.731710377149284
0.0   -5.70692909322679
0.0   -5.6197625659406185
0.0   -5.778566338121891
0.0   -5.734236389398575
0.0   -5.7074978509917855
0.0   -5.480568625731394
0.0   -5.79773155215662
0.0   -5.758904917282052
0.0   -5.798772762995213
0.0   -5.796334163285792
0.0   -5.731157513335347
0.0   -5.727349829277955
0.0   -5.632234975229949
0.0   -5.302012636559084
0.0   -5.775924312532879
0.0   -5.593974527204409
0.0   -5.697564464993775
0.0   -5.83037466253154
0.0   -5.795972973690368
0.0   -5.806061037816107
0.0   -5.8587706258986145
0.0   -5.733998748124577
0.0   -5.839008235838264
0.0   -5.773382620885968
0.0   -5.747885569930077
0.0   0.2994082421064377
0.0   -5.722609048825689
0.0   -5.777689996641129
0.0   -5.818573590950109
0.0   -5.7287969085155055
0.0   -5.668453579302877
0.0   -5.629191178362817
0.0   -5.795097618596628
0.0   -5.763061922509223
0.0   -5.698796728625894
0.0   -5.637004111660644
0.0   -5.72587947442662
0.0   -5.750923346262425
0.0   -5.737942977808416
0.0   -5.715093859122135
0.0   -5.718976751901209
0.0   -5.73700377647765
0.0   -5.722754612565041
0.0   -5.729775080922991
0.0   -5.523620683699846
0.0   -5.729873966891319
0.0   -5.7453408925794065
0.0   -5.699782539275475
0.0   -5.5176298962906
0.0   -5.545260027516633
0.0   -5.447754464112222
0.0   -5.196004868252203
0.0   -5.544874919229187
0.0   -5.124810378067195
0.0   -4.45897276699543
0.0   -4.668444277718663
0.0   -3.0725929513573647
0.0   6.800850480794907
0.0   -3.439415942877531
0.0   -5.697854529134929
0.0   -5.740283558145165
0.0   -5.597252462524921
0.0   -5.690750688780099
0.0   -5.739237688481808
0.0   -5.731105844024569
0.0   -5.755967502947897
0.0   -5.728731621522456
0.0   -5.646043062675744
0.0   -5.754236130043864
0.0   -5.579525557579473
0.0   -5.598712200066075
0.0   -5.67929801531136
0.0   -5.655596919357777
0.0   -5.6867732484824955
0.0   -5.704897314310074
0.0   -5.703657326288521
0.0   -5.706406889017671
0.0   -5.777645997237414
0.0   -5.755603556521237
0.0   -5.757360614836216
0.0   -5.7348321420140564
0.0   -5.741716503631324
0.0   -5.717171137453988
0.0   -5.794130554655567
0.0   -5.727864526212215
0.0   -5.726243270561099
0.0   -5.8167784926481545
0.0   -5.672497330000624
0.0   -5.730973978061229
0.0   -5.794482653494924
0.0   -5.701094482559711
0.0   -5.825402123387903
0.0   -5.828136971220374
0.0   -5.833979755174369
0.0   -5.83294996060431
0.0   -5.815924023510888
0.0   -5.875699068885297
0.0   -5.857443134766072
0.0   -5.83371252566576
0.0   -5.829710141289979
0.0   -5.804173001088202
0.0   -5.777369561837986
0.0   -5.746865717926994
0.0   -5.786908406065777
0.0   -5.775369731942192
0.0   -5.782470282865688
0.0   -5.753788003465161
0.0   -5.739263650495559
0.0   -5.755762760993093
0.0   -5.662958524189889
0.0   -5.754769152961671
0.0   -5.732651825994253
0.0   -5.563564162235707
0.0   -0.767975851893425
0.0   -5.614540359936655
0.0   -5.551274953875691
0.0   -5.466343750245869
0.0   -5.518967262702063
0.0   -4.315781143028289
0.0   1.4893302917480469
0.0   -0.260729119181633
0.0   -1.2833243384957314
0.0   -5.634265657979995
0.0   -5.747377097606659
0.0   -5.720382955856621
0.0   -5.707026923075318
0.0   -5.688473455607891
0.0   -5.695116593502462
0.0   -5.685177176259458
0.0   -5.651751440484077
0.0   -5.651484014932066
0.0   -5.686412314651534
0.0   -5.766281726537272
0.0   -5.723541212268174
0.0   -5.760835573077202
0.0   -5.618183130864054
0.0   -5.69962892588228
0.0   -5.711291583720595
0.0   -5.651415951084346
0.0   -5.713787503074855
0.0   -5.64228693395853
0.0   -5.6715672025457025
0.0   -5.703440450131893
0.0   -5.766759255900979
0.0   -5.74055479792878
0.0   -5.698146374896169
0.0   -5.695298262406141
0.0   -5.716628168243915
0.0   -5.6998516351450235
0.0   -5.3276542434468865
0.0   -5.777597833890468
0.0   -5.5917484811507165
0.0   -5.548977017402649
0.0   -5.712408626452088
0.0   -5.695430472493172
0.0   -5.639226830564439
0.0   -5.646776951849461
0.0   -5.744734267704189
0.0   -5.794368797913194
0.0   -5.610885143745691
0.0   -5.744383250363171
0.0   -5.72570186574012
0.0   -5.719587814994156
0.0   -5.741237323731184
0.0   -5.65053367940709
0.0   -5.755132068414241
0.0   -5.740055609494448
0.0   -5.762641187757254
0.0   -5.637737677432597
0.0   -5.702905246056616
0.0   -5.766984527930617
0.0   -5.739090261980891
0.0   -5.7335141114890575
0.0   -5.76426419429481
0.0   -5.714070534799248
0.0   -5.705883091315627
0.0   -5.760638508014381
0.0   -5.7543820650316775
0.0   -5.763385928235948
0.0   -5.6537895649671555
0.0   -5.760554718784988
0.0   -5.766134236939251
0.0   -5.695282133296132
0.0   -5.670835163444281
0.0   -5.6468721381388605
0.0   -5.7266262653283775
0.0   -5.738206346519291
0.0   -5.688551612198353
0.0   -5.724473653361201
0.0   -5.63352036383003
0.0   -5.628686376847327
0.0   -5.746352626010776
0.0   -5.7161565739661455
0.0   -5.730080815963447
0.0   -5.777124105487019
0.0   -5.7797844973392785
0.0   -5.7687171110883355
0.0   -5.788088713772595
0.0   -5.723946400685236
0.0   -5.694310978520662
0.0   -5.770518637495115
0.0   -5.764584493357688
0.0   -5.754906584275886
0.0   -5.698689423967153
0.0   -5.71160102635622
0.0   -5.740248551592231
0.0   -5.6857085740193725
0.0   -5.7636017934419215
0.0   -5.713655251543969
0.0   -5.723688027122989
0.0   -5.705910540185869
0.0   -5.6965401391498744
0.0   -5.656138581223786
0.0   -5.599919582251459
0.0   -5.650436110561714
0.0   -5.753617109265178
0.0   -5.7205153135582805
0.0   -5.758999855723232
0.0   -5.773588860407472
0.0   -5.682556898565963
0.0   -5.741567695979029
0.0   -5.64402722241357
0.0   -5.751802733168006
0.0   -5.715202315477654
0.0   -5.772684203693643
0.0   -5.775245153810829
0.0   -5.766873114043847
0.0   -5.780366719700396
0.0   -5.776476971805096
0.0   -5.792428162414581
0.0   -5.757134835701436
0.0   -5.739993456751108
0.0   -5.797619745368138
0.0   -5.736810811795294
0.0   -5.744556114310399
0.0   -5.784323717001826
0.0   -5.761709911748767
0.0   -5.789011871442199
0.0   -5.745792754460126
0.0   -5.732594434870407
0.0   -5.653563707135618
0.0   -5.689496045932174
0.0   -5.57519915048033
0.0   -5.765609870664775
0.0   -5.672070268075913
0.0   -5.622858809307218
0.0   -5.43854400026612
0.0   -5.5015488672070205
0.0   -5.618441729806364
0.0   -5.748051344882697
0.0   -5.741669548209757
0.0   -5.747072820551693
0.0   -5.483446357538924
0.0   -5.748069805558771
0.0   -5.639660524902865
0.0   -5.769040752667934
0.0   -5.750799523666501
0.0   -5.743713430128992
0.0   -5.807784678414464
0.0   -5.751001134514809
0.0   -5.795294359093532
0.0   -5.769323030021042
0.0   -5.782481185626239
0.0   -5.732985449954867
0.0   -5.7418868674431
0.0   -5.7745525722857565
0.0   -5.796681163366884
0.0   -5.797307742526755
0.0   -5.736151380464435
0.0   -5.665630873758346
0.0   -5.770433899248019
0.0   -5.789087628480047
0.0   -5.7696929045487195
0.0   -5.751626217737794
0.0   -5.75489464122802
0.0   -5.807718082331121
0.0   -5.711148927221075
0.0   -5.701547245727852
0.0   -5.736108607146889
0.0   -5.762182622682303
0.0   -5.736780519364402
0.0   -5.770978854270652
0.0   -5.75457679759711
0.0   -3.4355442663654685
0.0   -5.774362542200834
0.0   -5.745976025704294
0.0   -5.780398341361433
0.0   -5.658820621436462
0.0   -5.631722284946591
0.0   -5.681669908575714
0.0   -5.745455866213888
0.0   -5.691157872322947
0.0   -5.693877757061273
0.0   -5.713589804247022
0.0   -5.699490041472018
0.0   -5.659537008963525
0.0   -5.636684850323945
0.0   -5.75694299954921
0.0   -5.797156423795968
0.0   -5.7686032727360725
0.0   -5.717712142504752
0.0   -5.785761259961873
0.0   -5.71378995385021
0.0   -5.7263141754083335
0.0   -5.789421322289854
0.0   -5.805484026204795
0.0   -5.751901580486447
0.0   -5.744988135062158
0.0   -5.742094531655312
0.0   -5.688397598452866
0.0   -5.726342972368002
0.0   -5.734013409819454
0.0   -5.697754391469061
0.0   -5.761198625899851
0.0   -5.713062231428921
0.0   -5.6934254337102175
0.0   -5.755388578400016
0.0   -5.786572122946382
0.0   -5.799840071238577
0.0   -5.79264977760613
0.0   -5.754761911462992
0.0   -5.753809122368693
0.0   -5.8012377340346575
0.0   -5.743626541923732
0.0   -5.7247528256848454
0.0   -5.767099894583225
0.0   -5.751602833159268
0.0   -5.780132341198623
0.0   -5.716495553497225
0.0   -5.672578210011125
0.0   -5.737794770859182
0.0   -5.746146224439144
0.0   -5.72995924949646
0.0   -5.770501824095845
1.0   -5.805766653269529
1.0   -5.734775097109377
1.0   -5.768337004818022
1.0   -5.737728784326464
1.0   -5.829180835280567
1.0   -5.694856101647019
1.0   -5.804822787176818
1.0   -5.763362589292228
1.0   -5.811339025385678
1.0   -5.772066673729569
1.0   -5.793333668261766
1.0   -5.699137613642961
1.0   -5.748206986580044
1.0   -5.809976343996823
1.0   -5.662094998173416
1.0   -5.517059817444533
1.0   -5.779152032919228
1.0   -5.779753682203591
1.0   -5.763348939362913
1.0   -5.616421439219266
1.0   -5.754289229400456
1.0   -1.3479293584823608
1.0   -5.5488952193409204
1.0   -4.334640346467495
1.0   -5.76750586880371
1.0   -5.737723597791046
1.0   -5.652111899573356
1.0   -5.802532222121954
1.0   -5.808759288396686
1.0   -5.38760232552886
1.0   -5.770634412765503
1.0   -5.723188970936462
1.0   -5.810872250702232
1.0   -5.757348837330937
1.0   -5.340974918100983
1.0   6.301413297653198
1.0   -5.756380987819284
1.0   -5.241350744385272
1.0   -5.308159643784165
1.0   -5.649670043494552
1.0   -5.722584020812064
1.0   -5.764575782697648
1.0   6.293440639972687
1.0   -5.637566242367029
1.0   -5.677741078659892
1.0   -5.378442074172199
1.0   -4.786574536468834
1.0   -5.48942662589252
1.0   -5.582661831751466
1.0   -5.6277106599882245
1.0   -5.513876928482205
1.0   -5.731343948282301
1.0   -5.679214366711676
1.0   -4.975725635886192
1.0   -5.398981348611414
1.0   -5.408924449700862
1.0   -5.788776372559369
1.0   -5.247901260852814
1.0   -5.65421921829693
1.0   -5.684099019970745
1.0   -5.7460103635676205
1.0   -5.068944714963436
1.0   -5.627724546939135
1.0   -2.5790666043758392
1.0   -5.776298871962354
1.0   -5.781951178563759
1.0   -5.766183828469366
1.0   -5.73476665886119
1.0   -5.788249389734119
1.0   1.3810052275657654
1.0   -3.6052377223968506
1.0   -5.740101636154577
1.0   -5.796137057244778
1.0   -5.783657128922641
1.0   -5.772499123821035
1.0   -0.5516655743122101
1.0   -5.215464373584837
1.0   -5.678593006450683
1.0   -5.7560644913464785
1.0   -5.736780374543741
1.0   -5.7985643486026675
1.0   -5.78332768776454
1.0   -5.783837386406958
1.0   -5.764325950061902
1.0   -5.778959168121219
1.0   -5.751736657693982
1.0   -5.791700211819261
1.0   -5.785481069004163
1.0   -5.808838209370151
1.0   -5.811405141139403
1.0   -5.812121557537466
1.0   -5.806742192711681
1.0   -5.803791348822415
1.0   -5.80678699305281
1.0   -5.802303292788565
1.0   -5.786200964124873
1.0   -5.799217075575143
1.0   -5.804435120429844
1.0   -5.758930734358728
1.0   -5.803395986557007
1.0   -5.78489151224494
1.0   -5.8093469575978816
1.0   -5.800235484959558
1.0   -5.828990828245878
1.0   -5.514726735651493
1.0   -5.781878539128229
1.0   -5.810159039217979
1.0   -5.8409499931149185
1.0   -5.801222689915448
1.0   -5.768490880262107
1.0   -5.810783640947193
1.0   -5.744594921823591
1.0   -5.674588673515245
1.0   -5.73190357722342
1.0   -5.779368566581979
1.0   -5.719380180351436
1.0   -5.741215300280601
1.0   -5.720583993010223
1.0   -5.730033426079899
1.0   -5.69096300797537
1.0   -5.731456597335637
1.0   -5.731066872365773
1.0   -3.946230388712138
1.0   -2.7924109920859337
1.0   -4.275890879333019
1.0   7.148232877254486
1.0   -1.639717310667038
1.0   4.672219172120094
1.0   1.2241075932979584
1.0   -4.6152530908584595
1.0   -5.694436851888895
1.0   -5.77781539876014
1.0   -5.779827610589564
1.0   -5.698785887565464
1.0   -5.755518378689885
1.0   -5.6700152608100325
1.0   0.14376455545425415
1.0   1.446949228644371
1.0   -5.640290508046746
1.0   -5.711172309005633
1.0   -5.4158303898293525
1.0   -5.3728869240731
1.0   -5.775515760760754
1.0   -5.725291453301907
1.0   -5.0945168365724385
1.0   -5.3690501735545695
1.0   -5.466400046367198
1.0   -5.416969172190875
1.0   -5.765894078183919
1.0   -5.739911776036024
1.0   -5.6497961608693
1.0   -5.69153284560889
1.0   -5.632707026787102
1.0   -5.694325368851423
1.0   -5.754983181133866
1.0   -5.731764540076256
1.0   -3.010243758559227
1.0   -5.5998725621029735
1.0   -4.3777174949646
1.0   -5.75916934106499
1.0   -5.689454530365765
1.0   -5.602557203732431
1.0   -5.309682350605726
1.0   -5.6977063762024045
1.0   -1.7167135030031204
1.0   -5.793482292443514
1.0   -5.778813440352678
1.0   -5.815484630875289
1.0   -5.781406728550792
1.0   -5.615628237836063
1.0   -5.802006187848747
1.0   -5.774510472081602
1.0   -5.778454959392548
1.0   -5.705632919445634
1.0   -5.8000075332820415
1.0   -5.339820267632604
1.0   -5.731021387968212
1.0   -5.752123496495187
1.0   -5.7482078382745385
1.0   -5.7515745079144835
1.0   -5.764069861266762
1.0   -5.753800485748798
1.0   -5.77426681574434
1.0   -5.734327390324324
1.0   -5.752087998203933
1.0   -5.705720344558358
1.0   -5.75765824643895
1.0   7.363147288560867
1.0   -5.40283293928951
1.0   -5.725926784798503
1.0   -5.737633363343775
1.0   -5.773867007344961
1.0   -5.834828739985824
1.0   -5.820158073212951
1.0   -5.797324929386377
1.0   -5.792229398153722
1.0   -5.410847933031619
1.0   -4.526674702763557
1.0   -5.694676226936281
1.0   -5.686385722830892
1.0   -5.134304814971983
1.0   -5.797943647950888
1.0   -5.748039172962308
1.0   -5.7932124203071
1.0   -5.446948087774217
1.0   0.17034724354743958
1.0   -5.58836965309456
1.0   -5.633700211998075
1.0   -5.711172721348703
1.0   -5.5553775960579515
1.0   2.203863203525543
1.0   -5.727268415037543
1.0   -5.560076797846705
1.0   -5.767164939083159
1.0   -5.501948070712388
1.0   -5.7295536352321506
1.0   -5.557769087143242
1.0   -5.7053533140569925
1.0   -5.768553051166236
1.0   -5.763385600410402
1.0   -5.738915336318314
1.0   -5.717511350288987
1.0   -5.769888920709491
1.0   -5.644175054039806
1.0   -5.685944807715714
1.0   -5.755562311038375
1.0   -5.651857065502554
1.0   -5.79038756666705
1.0   -5.676949358545244
1.0   -5.557415911927819
1.0   -5.5848919386044145
1.0   -5.723535653203726
1.0   -5.596518016420305
1.0   -5.781539841555059
1.0   -5.428535979241133
1.0   -5.628059226553887
1.0   -5.782694628462195
1.0   -5.684049852192402
1.0   -5.731794620398432
1.0   -5.398680890910327
1.0   -0.4274909496307373
1.0   -5.716420682147145
1.0   -5.682292134966701
1.0   -5.690473729278892
1.0   -5.766873931512237
1.0   -5.662361799739301
1.0   -5.752033828292042
1.0   -5.788134844973683
1.0   -5.75486293178983
1.0   -5.280671583721414
1.0   -5.750145263504237
1.0   -5.761374548776075
1.0   -5.372991051059216
1.0   -5.291012044996023
1.0   -5.760482920333743
1.0   1.1520498991012573
1.0   -5.427929985802621
1.0   -3.474989503622055
1.0   -5.620755314128473
1.0   -4.728989913593978
1.0   -4.976827978622168
1.0   -5.40280574420467
1.0   -5.686631568241864
1.0   -1.3053084015846252
1.0   -4.857730692252517
1.0   -5.760188927408308
1.0   -5.560994053492323
1.0   12.697082936763763
1.0   -5.751369677018374
1.0   4.161882042884827
1.0   2.8509466648101807
1.0   5.753247022628784
1.0   -5.722176073817536
1.0   8.075557947158813
1.0   7.807202756404877
1.0   2.451350659132004
1.0   8.875326424837112
1.0   -1.5703281462192535
1.0   4.153358221054077
1.0   -1.7898775935173035
1.0   19.529476821422577
1.0   7.347577333450317
1.0   5.352754592895508
1.0   -1.025318592786789
1.0   11.656569242477417
1.0   9.677210360765457
1.0   8.025724053382874
1.0   -0.18377253413200378
1.0   2.2053725719451904
1.0   -4.1210959535092115
1.0   -3.6976078459993005
1.0   6.674372434616089
1.0   8.36182689666748
1.0   -1.6065377295017242
1.0   5.922701358795166
1.0   4.075154066085815
1.0   3.228064179420471
1.0   3.634205460548401
1.0   5.830507278442383
1.0   1.7350318729877472
1.0   -0.949320375919342
1.0   21.355231065303087
1.0   2.6271133422851562
1.0   7.794779062271118
1.0   11.470507383346558
1.0   1.7593541145324707
1.0   -3.8342863088473678
1.0   2.0115827918052673
1.0   4.485374927520752
1.0   1.8696607053279877
1.0   6.86538553237915
1.0   -5.592031461652368
1.0   -5.69187110546045
1.0   -5.636151257902384
1.0   -5.617999709676951
1.0   -5.5731332106515765
1.0   -5.6639018640853465
1.0   -5.658117243088782
1.0   -5.360708464868367
1.0   -5.499045424396172
1.0   -5.755078100133687
1.0   -5.530278250575066
1.0   -5.507115987595171
1.0   -5.540206323843449
1.0   -5.715755057521164
1.0   -5.721592921996489
1.0   -5.71491092722863
1.0   -5.299657888012007
1.0   -5.32109744194895
1.0   -5.3467467105947435
1.0   -5.657118498114869
1.0   -5.542039982508868
1.0   -5.621409442741424
1.0   -5.518077791435644
1.0   -5.52285929210484
1.0   -5.7720859330147505
1.0   -5.782731893006712
1.0   -5.715178503189236
1.0   -5.791018920019269
1.0   -5.485596369951963
1.0   -5.615582195809111
1.0   -5.636269646696746
1.0   -5.71581468032673
1.0   -5.7258616629987955
1.0   -5.756973560899496
1.0   -5.660964495036751
1.0   -5.689291180111468
1.0   -5.664342787116766
1.0   -5.690662730485201
1.0   -5.791279439581558
1.0   -5.7815188427921385
1.0   -5.788823637645692
1.0   -5.750561575870961
1.0   -5.7666899668984115
1.0   -5.755961871705949
1.0   -5.637491839006543
1.0   3.516530752182007
1.0   -4.578056682366878
1.0   -5.4931126069277525
1.0   -5.725420456845313
1.0   -5.777824416989461
1.0   -5.471531198825687
1.0   -4.390731513500214
1.0   -5.720310024917126
1.0   -5.721692525781691
1.0   -5.692309776786715
1.0   -5.687356291804463
1.0   -5.606361644342542
1.0   0.836999237537384
1.0   -5.650220900774002
1.0   -5.667367180343717
1.0   -5.736971331294626
1.0   -5.764770519454032
1.0   -5.761990788392723
1.0   -5.594461721833795
1.0   -5.594709835015237
1.0   -5.738027858082205
1.0   -5.5760702029801905
1.0   -5.790248630102724
1.0   -5.771227956516668
1.0   -5.802018862683326
1.0   -5.608020937535912
1.0   -5.630408636527136
1.0   -5.747253894340247
1.0   -4.85864222375676
1.0   -5.424283431377262
1.0   -5.765193505212665
1.0   -5.766659082379192
1.0   -3.6502334722317755
1.0   -5.759926778730005
1.0   -5.019212863175198
1.0   2.4332971572875977
1.0   -5.7855015764944255
1.0   -5.351664488203824
1.0   6.8079047203063965
1.0   -5.7376789641566575
1.0   7.893862247467041
1.0   -5.732134654186666
1.0   -5.7239236338064075
1.0   -5.761394583852962
1.0   -5.779892574530095
1.0   -5.513580615632236
