0.0   5.9141733050346375
0.0   5.242594253271818
0.0   6.22904510051012
0.0   6.219408940523863
0.0   5.361105551943183
0.0   5.162921532988548
0.0   5.79811204969883
0.0   5.4064404629170895
0.0   6.818745147436857
0.0   6.4114522114396095
0.0   6.177736237645149
0.0   7.170488653704524
0.0   7.072430731728673
0.0   5.951853431761265
0.0   6.194204460829496
0.0   5.168133534491062
0.0   7.388867352157831
0.0   5.778995789587498
0.0   7.032907895743847
0.0   7.142745460383594
0.0   6.568298809230328
0.0   4.780891686677933
0.0   6.484564943239093
0.0   7.657356031239033
0.0   6.17504495382309
0.0   6.09151628613472
0.0   6.575792986899614
0.0   5.062810011208057
0.0   6.847709637135267
0.0   7.661765480414033
0.0   6.1713767144829035
0.0   7.369212135672569
0.0   6.487610071897507
0.0   5.668338239192963
0.0   6.172246553003788
0.0   5.809234768152237
0.0   6.239496260881424
0.0   6.71192379295826
0.0   7.8644295781850815
0.0   5.800587400794029
0.0   6.9835570231080055
0.0   9.30647026002407
0.0   7.5584646835923195
0.0   6.131978273391724
0.0   8.933150812983513
0.0   6.341367498040199
0.0   6.279623381793499
0.0   6.694461353123188
0.0   5.459599494934082
0.0   6.09208682179451
0.0   4.358022056519985
0.0   7.187345467507839
0.0   7.215188026428223
0.0   6.093986190855503
0.0   6.581893429160118
0.0   5.052438303828239
0.0   7.538942366838455
0.0   6.2541597709059715
0.0   5.7081736251711845
0.0   8.066950960084796
1.0   5.976076573133469
1.0   5.404357485473156
1.0   8.566660046577454
1.0   6.735203772783279
1.0   9.257067546248436
1.0   6.855803191661835
1.0   7.43422245234251
1.0   8.564032763242722
1.0   10.764068812131882
1.0   7.8208879083395
1.0   8.284323453903198
1.0   8.241212613880634
1.0   9.094656094908714
1.0   8.092156782746315
1.0   7.0885010957717896
1.0   7.832504168152809
1.0   6.454313291236758
1.0   7.826539136469364
1.0   10.597394436597824
1.0   7.332168959081173
1.0   13.025916069746017
1.0   8.588476836681366
1.0   10.433344006538391
1.0   5.85962576046586
1.0   5.9936061054468155
1.0   5.991843447089195
1.0   8.596181996166706
1.0   10.66899959743023
1.0   7.609204605221748
1.0   9.545287489891052
AUC-ROC: 0.8056, AUC-PR: 0.7498
0.0   3.601968616247177
0.0   3.661017656326294
0.0   4.220383033156395
0.0   4.090984135866165
0.0   3.5190585255622864
0.0   3.8161332607269287
0.0   3.0870153307914734
0.0   3.561191350221634
0.0   4.554271996021271
0.0   6.524139225482941
0.0   4.512791931629181
0.0   4.232873409986496
0.0   5.536386698484421
0.0   4.134347498416901
0.0   5.315551459789276
0.0   3.20400071144104
0.0   5.545538425445557
0.0   4.109831243753433
0.0   5.389914289116859
0.0   5.018920481204987
0.0   4.1434251219034195
0.0   3.7408305406570435
0.0   3.899813622236252
0.0   5.11713120341301
0.0   4.081501394510269
0.0   3.483832538127899
0.0   4.293859660625458
0.0   3.623452305793762
0.0   4.558446884155273
0.0   5.63775709271431
0.0   2.9235504269599915
0.0   6.7244802713394165
0.0   5.593430042266846
0.0   4.598816305398941
0.0   3.8430917859077454
0.0   3.7822164595127106
0.0   3.9005479216575623
0.0   6.891859412193298
0.0   8.145159587264061
0.0   3.5889275670051575
0.0   5.4384066462516785
0.0   5.668525695800781
0.0   5.796986058354378
0.0   4.3543122708797455
0.0   6.2524154484272
0.0   6.8353451788425446
0.0   3.7020333409309387
0.0   3.869040608406067
0.0   3.5702463388442993
0.0   3.9940521717071533
0.0   2.7526177167892456
0.0   4.691210985183716
0.0   4.9642661809921265
0.0   6.668895930051804
0.0   4.302807986736298
0.0   4.370328515768051
0.0   6.352119982242584
0.0   3.458983302116394
0.0   4.089550584554672
0.0   7.145365729928017
1.0   4.964723527431488
1.0   4.225989505648613
1.0   11.00665494799614
1.0   5.003083676099777
1.0   11.12821863591671
1.0   10.573873698711395
1.0   13.774230509996414
1.0   6.097979515790939
1.0   14.128867864608765
1.0   8.320179298520088
1.0   10.64194655418396
1.0   20.862888753414154
1.0   10.024093970656395
1.0   10.459040567278862
1.0   8.259633868932724
1.0   13.852087780833244
1.0   6.054292172193527
1.0   11.607728764414787
1.0   10.561831921339035
1.0   7.3947838097810745
1.0   23.02002975344658
1.0   11.9619812220335
1.0   21.78910832107067
1.0   8.731448963284492
1.0   15.458057075738907
1.0   15.047143578529358
1.0   11.218039080500603
1.0   10.786474145948887
1.0   23.54875746369362
1.0   15.499069213867188
AUC-ROC: 0.9500, AUC-PR: 0.9374
0.0   1.0515108704566956
0.0   -0.27848267555236816
0.0   3.99411803483963
0.0   0.6823126673698425
0.0   -0.49533742666244507
0.0   0.6613079905509949
0.0   -0.5173960477113724
0.0   0.11612051725387573
0.0   1.282887876033783
0.0   2.0835325717926025
0.0   0.7717151045799255
0.0   0.8597743511199951
0.0   2.0663248896598816
0.0   0.5485178530216217
0.0   -0.0974472165107727
0.0   0.008761614561080933
0.0   1.4730488061904907
0.0   0.9373626112937927
0.0   4.91121369600296
0.0   2.037794351577759
0.0   0.528692752122879
0.0   0.935742974281311
0.0   1.6229940056800842
0.0   2.7636521458625793
0.0   1.6898763179779053
0.0   1.382861316204071
0.0   1.3906450271606445
0.0   0.19155049324035645
0.0   1.4593687057495117
0.0   4.429794549942017
0.0   0.4672272205352783
0.0   2.205479621887207
0.0   2.4591435194015503
0.0   1.2494021654129028
0.0   2.3377538919448853
0.0   0.41950923204421997
0.0   0.3370073735713959
0.0   2.2434731125831604
0.0   7.33309018611908
0.0   0.19780072569847107
0.0   3.20026296377182
0.0   6.613371968269348
0.0   4.528115153312683
0.0   0.3856460154056549
0.0   4.5944448709487915
0.0   1.78654944896698
0.0   0.04364365339279175
0.0   -0.10664451122283936
0.0   1.1577832102775574
0.0   1.184411346912384
0.0   0.16002243757247925
0.0   1.6497331857681274
0.0   2.2014771103858948
0.0   1.6363750100135803
0.0   1.1919271349906921
0.0   0.3156864047050476
0.0   1.806297242641449
0.0   1.4881369471549988
0.0   1.3741204142570496
0.0   2.979181408882141
1.0   1.966901421546936
1.0   0.934475839138031
1.0   8.754197716712952
1.0   0.7548418641090393
1.0   5.541344583034515
1.0   7.694030225276947
1.0   9.065363615751266
1.0   5.751791715621948
1.0   12.15924933552742
1.0   4.968642950057983
1.0   12.318481773138046
1.0   21.45949673652649
1.0   7.689527362585068
1.0   12.2494398355484
1.0   2.1787930130958557
1.0   12.697422951459885
1.0   1.9422730803489685
1.0   8.93434864282608
1.0   9.17713725566864
1.0   3.6357367038726807
1.0   29.15838286280632
1.0   17.63397876918316
1.0   20.04707631468773
1.0   4.742346376180649
1.0   14.713203728199005
1.0   16.750192418694496
1.0   3.3230517506599426
1.0   12.06320720911026
1.0   15.126699656248093
1.0   16.952297151088715
AUC-ROC: 0.9156, AUC-PR: 0.8961
0.0   7.77127468585968
0.0   1.5301772952079773
0.0   14.805437564849854
0.0   6.268683135509491
0.0   -0.1440752148628235
0.0   6.712609767913818
0.0   -1.5676909685134888
0.0   3.6673611998558044
0.0   13.314200609922409
0.0   11.135292530059814
0.0   5.972792446613312
0.0   7.655571401119232
0.0   9.702917695045471
0.0   5.048024237155914
0.0   4.8547205328941345
0.0   4.215746283531189
0.0   7.16489052772522
0.0   5.511270761489868
0.0   12.915763318538666
0.0   14.437651105225086
0.0   4.128057599067688
0.0   6.293826341629028
0.0   8.334315061569214
0.0   14.070809096097946
0.0   6.975461363792419
0.0   4.087821543216705
0.0   9.708243548870087
0.0   2.928588628768921
0.0   9.10562527179718
0.0   9.389250099658966
0.0   4.774108290672302
0.0   12.572257399559021
0.0   12.260660827159882
0.0   5.3155054450035095
0.0   11.032591462135315
0.0   4.380215883255005
0.0   4.0994521379470825
0.0   12.236977100372314
0.0   16.413409173488617
0.0   2.7594569325447083
0.0   8.43702644109726
0.0   15.17565631866455
0.0   14.9670569896698
0.0   6.126625180244446
0.0   11.168646737933159
0.0   10.09203815460205
0.0   4.229605555534363
0.0   4.934188604354858
0.0   7.201570928096771
0.0   5.026836574077606
0.0   1.4154961705207825
0.0   7.186343193054199
0.0   7.514425039291382
0.0   10.445278346538544
0.0   7.235952436923981
0.0   4.7735190987586975
0.0   10.187799155712128
0.0   7.454622983932495
0.0   7.930148780345917
0.0   14.643111884593964
1.0   7.902710050344467
1.0   5.444869428873062
1.0   32.96690517663956
1.0   6.625990927219391
1.0   26.775639444589615
1.0   24.14329981803894
1.0   28.64168857038021
1.0   15.878384128212929
1.0   27.511444360017776
1.0   22.253598868846893
1.0   35.60417723655701
1.0   52.240894466638565
1.0   21.09853544831276
1.0   36.108737260103226
1.0   16.280967742204666
1.0   37.70711286365986
1.0   15.659417271614075
1.0   22.982614025473595
1.0   29.679727151989937
1.0   20.064297378063202
1.0   58.93938663601875
1.0   41.007485538721085
1.0   43.69002844393253
1.0   22.747585028409958
1.0   37.78773580491543
1.0   38.35393324494362
1.0   20.07690119743347
1.0   31.554241076111794
1.0   32.46866397559643
1.0   32.96181666851044
AUC-ROC: 0.9428, AUC-PR: 0.9433
0.0   -3.965681254863739
0.0   -4.757349744439125
0.0   -0.24231737852096558
0.0   -3.2169009372591972
0.0   -5.851503685116768
0.0   -2.9130333364009857
0.0   -5.80446058511734
0.0   -3.9802944660186768
0.0   0.2301984429359436
0.0   1.6757929921150208
0.0   -3.8244534879922867
0.0   -1.116141140460968
0.0   -0.7600462585687637
0.0   -1.5935006141662598
0.0   -2.6997083723545074
0.0   -4.7171847224235535
0.0   -2.5267204195261
0.0   -2.64656999707222
0.0   7.17292845249176
0.0   9.778227493166924
0.0   -3.6121889799833298
0.0   -3.415976345539093
0.0   -2.2517705261707306
0.0   4.327471375465393
0.0   -1.5293991565704346
0.0   -2.133010596036911
0.0   -2.8257814794778824
0.0   -5.654971197247505
0.0   0.9440667629241943
0.0   0.19259744882583618
0.0   -3.4324102997779846
0.0   0.3923184871673584
0.0   3.160521924495697
0.0   -3.7771201580762863
0.0   0.11334611475467682
0.0   -4.131742879748344
0.0   -4.874301463365555
0.0   1.6234230995178223
0.0   4.3235660791397095
0.0   -4.993090808391571
0.0   -0.6623563170433044
0.0   1.6947168707847595
0.0   4.941040277481079
0.0   -2.193693809211254
0.0   2.218763530254364
0.0   -1.304595559835434
0.0   -2.482261545956135
0.0   -0.7787669226527214
0.0   0.3955724537372589
0.0   -2.2363191843032837
0.0   -5.495717637240887
0.0   -0.7499743103981018
0.0   -1.9722914099693298
0.0   1.4683345556259155
0.0   -0.17889073491096497
0.0   -1.9873264133930206
0.0   3.269104927778244
0.0   1.672812283039093
0.0   2.2729515731334686
0.0   3.959399461746216
1.0   0.4148247241973877
1.0   -0.6047612428665161
1.0   20.18722455203533
1.0   -1.778181403875351
1.0   12.938014566898346
1.0   14.209564924240112
1.0   20.234599262475967
1.0   2.2490351796150208
1.0   16.79565742984414
1.0   12.692717537283897
1.0   23.89936611428857
1.0   39.43264976888895
1.0   11.213220968842506
1.0   21.768600806593895
1.0   11.587681531906128
1.0   26.026781599968672
1.0   10.080260992050171
1.0   18.428356682881713
1.0   28.003534585237503
1.0   12.462113857269287
1.0   45.3984065502882
1.0   25.165158197283745
1.0   35.25578895956278
1.0   12.029005691409111
1.0   20.161058843135834
1.0   22.542470186948776
1.0   4.730458855628967
1.0   13.62021079659462
1.0   22.446763455867767
1.0   19.136720523238182
AUC-ROC: 0.9544, AUC-PR: 0.9444
0.0   -2.6135664582252502
0.0   -1.8104947805404663
0.0   0.2963421642780304
0.0   1.3832488656044006
0.0   -4.76609243452549
0.0   -0.5014392733573914
0.0   -4.707593530416489
0.0   1.076720118522644
0.0   6.35789081454277
0.0   8.731428906321526
0.0   2.627512037754059
0.0   4.539111912250519
0.0   4.131304383277893
0.0   2.299365997314453
0.0   2.847140610218048
0.0   -0.8622615039348602
0.0   3.817001461982727
0.0   -0.4888051152229309
0.0   6.011115998029709
0.0   7.4339805990457535
0.0   -2.0223202854394913
0.0   -2.4967501163482666
0.0   -0.8632799386978149
0.0   12.142142415046692
0.0   1.1760446727275848
0.0   -0.5727009177207947
0.0   3.604017198085785
0.0   -3.650616616010666
0.0   6.015804946422577
0.0   8.691686749458313
0.0   -0.5786930322647095
0.0   3.4515440464019775
0.0   9.447552882134914
0.0   -1.9546868801116943
0.0   5.824570894241333
0.0   -0.6014496684074402
0.0   -1.6164843142032623
0.0   1.430755078792572
0.0   10.463523089885712
0.0   -3.3986667692661285
0.0   3.3390867114067078
0.0   9.292160749435425
0.0   8.821019440889359
0.0   4.567145586013794
0.0   6.484553337097168
0.0   2.3342323899269104
0.0   1.2381883263587952
0.0   8.091577857732773
0.0   4.959390044212341
0.0   2.3783308267593384
0.0   -4.186122193932533
0.0   7.011347234249115
0.0   1.5305481553077698
0.0   6.276429116725922
0.0   0.043819963932037354
0.0   2.1406667232513428
0.0   3.838314473628998
0.0   9.774491980671883
0.0   4.292141258716583
0.0   13.012809988111258
1.0   0.009934604167938232
1.0   0.543192446231842
1.0   18.255860581994057
1.0   1.5848767757415771
1.0   15.18149258196354
1.0   16.441945865750313
1.0   14.508560754358768
1.0   7.920162558555603
1.0   22.149615958333015
1.0   9.399427101016045
1.0   23.620753541588783
1.0   34.138609021902084
1.0   8.532627765089273
1.0   20.88494509458542
1.0   25.820167131721973
1.0   37.799390487372875
1.0   22.96552936732769
1.0   19.438050344586372
1.0   43.42317005991936
1.0   24.8550089225173
1.0   59.65418504178524
1.0   35.59881725907326
1.0   26.11535580456257
1.0   18.050192326307297
1.0   21.72493004798889
1.0   23.35752159357071
1.0   7.18568018078804
1.0   18.657610397785902
1.0   19.92816688120365
1.0   13.921631097793579
AUC-ROC: 0.9161, AUC-PR: 0.9095
0.0   -0.382404088973999
0.0   0.03427088260650635
0.0   6.966396629810333
0.0   1.9742226004600525
0.0   -4.995125658810139
0.0   0.8228581547737122
0.0   -4.199614197015762
0.0   4.27609258890152
0.0   9.853373646736145
0.0   8.413026928901672
0.0   2.203069508075714
0.0   3.137848198413849
0.0   4.790392130613327
0.0   1.5700037479400635
0.0   3.7751890420913696
0.0   2.5742627382278442
0.0   5.710364103317261
0.0   1.8899477124214172
0.0   5.752862572669983
0.0   7.306431129574776
0.0   -2.299799695611
0.0   -0.6776345372200012
0.0   1.918505609035492
0.0   7.855434536933899
0.0   -0.17599999904632568
0.0   -0.5976016819477081
0.0   3.782119870185852
0.0   -1.5127642899751663
0.0   5.831176623702049
0.0   0.7000013887882233
0.0   -0.3863814175128937
0.0   7.666606843471527
0.0   5.736085534095764
0.0   2.7721633911132812
0.0   2.6959964632987976
0.0   0.3244720995426178
0.0   2.048720359802246
0.0   7.821186184883118
0.0   8.661298520863056
0.0   -2.87228062748909
0.0   3.071274310350418
0.0   13.54393994435668
0.0   10.752141863107681
0.0   3.0501503348350525
0.0   7.167439341545105
0.0   4.360992342233658
0.0   0.7851431965827942
0.0   8.018799662590027
0.0   3.863752782344818
0.0   3.0181270837783813
0.0   -3.862452380359173
0.0   8.146952919661999
0.0   3.1902907490730286
0.0   6.350781425833702
0.0   2.156690299510956
0.0   3.940427780151367
0.0   0.9286057353019714
0.0   1.7626398801803589
0.0   0.14738211035728455
0.0   14.393181875348091
1.0   3.1942513585090637
1.0   1.1045792698860168
1.0   20.56188777089119
1.0   1.91847562789917
1.0   16.185704328119755
1.0   8.652437031269073
1.0   28.271074056625366
1.0   9.29153748601675
1.0   36.047007858753204
1.0   20.868364602327347
1.0   31.02907869592309
1.0   60.59951537847519
1.0   10.863970780745149
1.0   30.836838372051716
1.0   24.580607503652573
1.0   38.91164258122444
1.0   19.40794664621353
1.0   17.094887528568506
1.0   32.205627620220184
1.0   22.515744656324387
1.0   82.08558070659637
1.0   40.04074735566974
1.0   42.81717836111784
1.0   24.24265269935131
1.0   34.79425689578056
1.0   41.94877949357033
1.0   20.363219805061817
1.0   20.47294624336064
1.0   28.71462795138359
1.0   24.40036852285266
AUC-ROC: 0.9344, AUC-PR: 0.9333
0.0   -5.121087457984686
0.0   -5.597341742366552
0.0   -4.531357616186142
0.0   -5.32174021564424
0.0   -6.092906324192882
0.0   -5.330783179029822
0.0   -5.828195694833994
0.0   -3.622077077627182
0.0   -1.744025319814682
0.0   -1.3911231309175491
0.0   -4.494614899158478
0.0   -0.42125996947288513
0.0   -0.5649082660675049
0.0   -2.7676574885845184
0.0   -3.6105674654245377
0.0   -5.169052556157112
0.0   -4.046819653362036
0.0   -1.898098111152649
0.0   1.7866920232772827
0.0   5.8188751339912415
0.0   -5.120000619441271
0.0   -5.343096703290939
0.0   -4.9217595513910055
0.0   -1.04096257686615
0.0   -3.688852919265628
0.0   -4.700917823240161
0.0   -4.554669141769409
0.0   -5.848472612909973
0.0   -3.1571717839688063
0.0   -2.849537281319499
0.0   -3.3863411471247673
0.0   -0.43005841970443726
0.0   2.4823197722434998
0.0   -5.383047331124544
0.0   -3.5838905945420265
0.0   -4.640335701406002
0.0   -4.711887812241912
0.0   -2.9211865216493607
0.0   -0.3003643751144409
0.0   -5.689279768615961
0.0   -4.067270277068019
0.0   -2.490122765302658
0.0   0.1172458827495575
0.0   -3.643328681588173
0.0   -1.2686491012573242
0.0   -4.155143970623612
0.0   -2.8092119693756104
0.0   1.7062969207763672
0.0   -1.8560237064957619
0.0   -4.114006716758013
0.0   -5.856787223368883
0.0   1.04468834400177
0.0   -1.7876257970929146
0.0   -2.470446139574051
0.0   -4.429798658937216
0.0   -4.064598798751831
0.0   -2.584495961666107
0.0   -2.5041114538908005
0.0   -3.819780007004738
0.0   0.16466504335403442
1.0   -3.5920321941375732
1.0   -3.3914083763957024
1.0   16.933234572410583
1.0   -2.99061182141304
1.0   8.373254656791687
1.0   12.675921142101288
1.0   22.881542563438416
1.0   1.2712356448173523
1.0   29.25976623594761
1.0   5.612731993198395
1.0   26.375998858362436
1.0   46.19705158099532
1.0   9.74417358636856
1.0   21.887140333652496
1.0   18.795360296964645
1.0   34.755813505500555
1.0   11.309125065803528
1.0   7.995485723018646
1.0   29.100434068590403
1.0   24.026368606835604
1.0   65.89114521443844
1.0   40.15564712882042
1.0   22.27828500419855
1.0   11.638024626299739
1.0   20.60004011914134
1.0   28.482584483921528
1.0   3.616363286972046
1.0   11.208083562552929
1.0   21.02431119978428
1.0   17.078271243721247
AUC-ROC: 0.9506, AUC-PR: 0.9444
0.0   -3.9836101457476616
0.0   -5.463124006986618
0.0   -2.4999554455280304
0.0   -5.515520516782999
0.0   -6.020073529332876
0.0   -5.428484290838242
0.0   -5.986444097012281
0.0   -4.758934050798416
0.0   2.8469659984111786
0.0   -1.7604089677333832
0.0   -4.225134149193764
0.0   4.363365828990936
0.0   -2.6398983001708984
0.0   -2.620293080806732
0.0   -4.990726534277201
0.0   -4.030226528644562
0.0   -4.375716246664524
0.0   -1.977976232767105
0.0   1.7594828307628632
0.0   1.0877014100551605
0.0   -2.7190290987491608
0.0   -5.256027780473232
0.0   -2.7386898398399353
0.0   10.591953098773956
0.0   0.7991140782833099
0.0   0.013524919748306274
0.0   -4.046676218509674
0.0   -5.433163285255432
0.0   2.5427201986312866
0.0   5.8270180225372314
0.0   -0.7989978492259979
0.0   5.318397879600525
0.0   6.7343063950538635
0.0   -4.984382852911949
0.0   0.765805721282959
0.0   -5.4847676530480385
0.0   -1.0467887222766876
0.0   -3.8321437388658524
0.0   5.049608469009399
0.0   -5.739724583923817
0.0   -3.6925659477710724
0.0   5.0918384194374084
0.0   2.9379957914352417
0.0   1.1110275983810425
0.0   2.662707507610321
0.0   -2.2072968780994415
0.0   -3.0209702402353287
0.0   7.683202743530273
0.0   4.582286059856415
0.0   -4.585547368973494
0.0   -3.9915533512830734
0.0   8.664692610502243
0.0   -4.054646886885166
0.0   -4.5553248934447765
0.0   -4.281888406723738
0.0   -2.8813763111829758
0.0   -0.3679230213165283
0.0   8.71399188041687
0.0   7.630807399749756
0.0   7.607411861419678
1.0   -4.233843564987183
1.0   -4.6170274913311005
1.0   10.075933039188385
1.0   -2.662318781018257
1.0   9.52924145758152
1.0   15.955724976956844
1.0   11.56890344619751
1.0   8.44900929927826
1.0   22.367975283414125
1.0   8.844752669334412
1.0   18.267336290329695
1.0   44.1746701002121
1.0   9.610337615013123
1.0   18.653522681444883
1.0   27.07185898348689
1.0   31.611308451741934
1.0   25.43601756542921
1.0   20.51444846019149
1.0   36.78575973212719
1.0   34.341474402695894
1.0   62.30865018069744
1.0   35.39720296114683
1.0   15.017377201467752
1.0   10.250306248664856
1.0   13.414522886276245
1.0   18.162522077560425
1.0   1.9888029098510742
1.0   19.1682524420321
1.0   7.965214433148503
1.0   16.20711863040924
AUC-ROC: 0.9156, AUC-PR: 0.9144
0.0   -3.423994153738022
0.0   -2.785324454307556
0.0   -1.5764329433441162
0.0   -0.5362058877944946
0.0   -5.1349816508591175
0.0   -4.477253839373589
0.0   -5.105940714478493
0.0   -0.692630261182785
0.0   4.836180567741394
0.0   2.023961067199707
0.0   -0.2736237049102783
0.0   -1.0138614922761917
0.0   -1.830063134431839
0.0   -1.7406895160675049
0.0   -3.2149674892425537
0.0   -3.407463014125824
0.0   -2.011968821287155
0.0   0.09163571894168854
0.0   1.394004911184311
0.0   2.852942943572998
0.0   -4.240974681451917
0.0   -3.825531303882599
0.0   -3.5000463128089905
0.0   2.5151716470718384
0.0   -1.8656048774719238
0.0   -2.7397066354751587
0.0   3.4120789766311646
0.0   -3.765071213245392
0.0   -2.1638320088386536
0.0   -1.704665094614029
0.0   -3.403277665376663
0.0   -1.7924531400203705
0.0   7.662105277180672
0.0   -3.307721957564354
0.0   -0.17692410945892334
0.0   -4.238510712981224
0.0   -4.291081458330154
0.0   -2.5623903423547745
0.0   -2.1246299743652344
0.0   -4.822272453457117
0.0   -3.134416937828064
0.0   3.4083019495010376
0.0   6.219111204147339
0.0   -1.6885347664356232
0.0   3.34100840985775
0.0   -2.869511842727661
0.0   -3.457750789821148
0.0   6.046597480773926
0.0   0.15972289443016052
0.0   -1.1374935805797577
0.0   -4.750514222308993
0.0   1.3526749908924103
0.0   -1.5644627213478088
0.0   -1.5145420134067535
0.0   -4.074221786111593
0.0   0.08069926500320435
0.0   -1.3249420523643494
0.0   10.63621586561203
0.0   -2.7358984649181366
0.0   2.4464888274669647
1.0   -3.6018326207995415
1.0   -0.670509934425354
1.0   22.180847957730293
1.0   -3.3124498277902603
1.0   10.141996510326862
1.0   11.258698619902134
1.0   17.886279348284006
1.0   1.0704592019319534
1.0   20.480848543345928
1.0   10.218636196106672
1.0   25.315166467800736
1.0   47.047894364222884
1.0   6.817429304122925
1.0   19.83243215829134
1.0   32.106654077768326
1.0   41.388122061267495
1.0   19.94750009290874
1.0   17.720655035227537
1.0   56.42758900858462
1.0   42.590896029025316
1.0   78.05081243999302
1.0   42.0973809491843
1.0   15.400106098502874
1.0   16.35868120007217
1.0   17.925946056842804
1.0   21.81888146698475
1.0   5.272069115191698
1.0   9.981916755437851
1.0   15.16557382978499
1.0   17.474124252796173
AUC-ROC: 0.9244, AUC-PR: 0.9229
0.0   -2.191479504108429
0.0   -1.4680888801813126
0.0   0.679422914981842
0.0   0.7410081624984741
0.0   -4.947271913290024
0.0   -4.169915497303009
0.0   -4.992145128548145
0.0   0.9107135236263275
0.0   5.043572247028351
0.0   3.594147503376007
0.0   1.096096694469452
0.0   -0.24722954630851746
0.0   0.06479188799858093
0.0   -0.14609390497207642
0.0   -1.8477430790662766
0.0   -2.1988443583250046
0.0   -0.25310206413269043
0.0   2.0842383801937103
0.0   3.4848636090755463
0.0   5.523459374904633
0.0   -4.248779460787773
0.0   -2.2600878477096558
0.0   -1.8687650710344315
0.0   1.9073559641838074
0.0   -2.4581104516983032
0.0   -2.6367177814245224
0.0   4.856934189796448
0.0   -3.037648022174835
0.0   -0.6742329597473145
0.0   -3.4937503337860107
0.0   -3.7693017795681953
0.0   -2.6632725298404694
0.0   2.3309024572372437
0.0   -2.295343443751335
0.0   -0.3862617015838623
0.0   -3.2055194824934006
0.0   -3.585923343896866
0.0   -0.9796921163797379
0.0   -1.240057498216629
0.0   -4.366428956389427
0.0   -1.2704808115959167
0.0   1.6037538647651672
0.0   10.135708510875702
0.0   -2.7328414916992188
0.0   3.4011160135269165
0.0   -1.9771725237369537
0.0   -3.1999787986278534
0.0   1.1665834486484528
0.0   -1.3947936296463013
0.0   -0.19175231456756592
0.0   -4.2284105271101
0.0   -1.16325643658638
0.0   -1.9813250750303268
0.0   -0.6406106352806091
0.0   -3.010267525911331
0.0   1.5029800534248352
0.0   0.33870089054107666
0.0   -0.33376720547676086
0.0   -1.6728918552398682
0.0   -0.4691579043865204
1.0   -1.206956148147583
1.0   1.1731550693511963
1.0   27.214196767657995
1.0   -1.7379751205444336
1.0   10.964389091357589
1.0   18.836172215640545
1.0   24.136621244251728
1.0   0.23533204197883606
1.0   23.543960984796286
1.0   16.245192205533385
1.0   29.500590469688177
1.0   58.55402184650302
1.0   9.70920741558075
1.0   28.26266072317958
1.0   19.88290199637413
1.0   31.674746178090572
1.0   10.344830116257071
1.0   9.271782273426652
1.0   26.074890956282616
1.0   18.138359811156988
1.0   68.61771932989359
1.0   37.94298545643687
1.0   18.740716889500618
1.0   20.050238363444805
1.0   27.056707307696342
1.0   32.10546175390482
1.0   6.762279465794563
1.0   15.277328670024872
1.0   23.128257017582655
1.0   19.147560834884644
AUC-ROC: 0.9456, AUC-PR: 0.9380
0.0   -3.115915171802044
0.0   -1.7547389268875122
0.0   -0.24888566136360168
0.0   3.4220378398895264
0.0   -5.14809961989522
0.0   -4.42041203379631
0.0   -5.062510937452316
0.0   1.3431805968284607
0.0   4.092010259628296
0.0   4.062916964292526
0.0   1.5873898267745972
0.0   -1.1297356337308884
0.0   -0.39586421847343445
0.0   -1.0721929967403412
0.0   -2.0890110582113266
0.0   -2.7735550701618195
0.0   -0.8701293766498566
0.0   2.2963406443595886
0.0   4.4961302280426025
0.0   8.572227224707603
0.0   -4.37277777493
0.0   -2.4660581946372986
0.0   -2.2783088833093643
0.0   3.872490167617798
0.0   -2.848327726125717
0.0   -2.7783834636211395
0.0   7.777032256126404
0.0   -2.8437643945217133
0.0   -1.0287131369113922
0.0   -3.6162740364670753
0.0   -4.177588403224945
0.0   -3.0932476222515106
0.0   4.14635956287384
0.0   -2.9622867703437805
0.0   0.16092288494110107
0.0   -3.116090178489685
0.0   -3.9065366983413696
0.0   -1.1572814136743546
0.0   -1.1013653874397278
0.0   -4.69708688929677
0.0   -2.031495541334152
0.0   3.4906307458877563
0.0   13.389755725860596
0.0   -2.433216467499733
0.0   3.331316977739334
0.0   -2.2345381677150726
0.0   -2.481519803404808
0.0   1.6654783487319946
0.0   -1.9422663301229477
0.0   1.3893213272094727
0.0   -4.801896423101425
0.0   -0.9919727444648743
0.0   -1.5189649760723114
0.0   0.3029795289039612
0.0   -2.927704393863678
0.0   2.9947932958602905
0.0   0.3767542541027069
0.0   -0.11255204677581787
0.0   -2.2909999191761017
0.0   -0.5803430676460266
1.0   -1.323870688676834
1.0   3.815421760082245
1.0   33.441719476133585
1.0   -2.458003930747509
1.0   17.23624036833644
1.0   23.490371834486723
1.0   30.521533742547035
1.0   0.061161041259765625
1.0   28.821863224729896
1.0   19.187924277037382
1.0   36.72454075329006
1.0   66.5651641562581
1.0   12.60261906683445
1.0   31.958718709647655
1.0   24.14638952165842
1.0   38.02332815900445
1.0   10.99752290546894
1.0   11.138108924031258
1.0   28.908227322623134
1.0   19.123477993533015
1.0   74.02978824265301
1.0   42.8731778357178
1.0   24.770327620208263
1.0   23.18581298738718
1.0   28.074413426220417
1.0   33.339027751237154
1.0   9.863076219335198
1.0   18.289581978693604
1.0   28.281768197193742
1.0   23.53868609853089
AUC-ROC: 0.9428, AUC-PR: 0.9370
0.0   -4.26768996566534
0.0   -3.002823129296303
0.0   -1.736499845981598
0.0   3.4110569953918457
0.0   -5.429421218112111
0.0   -4.9609112199395895
0.0   -5.370845966972411
0.0   0.3498178720474243
0.0   3.272101640701294
0.0   2.991720139980316
0.0   0.7687768936157227
0.0   -2.3805148154497147
0.0   -1.9470592141151428
0.0   -2.8145200610160828
0.0   -3.3345343470573425
0.0   -3.6240077167749405
0.0   -2.62780225276947
0.0   0.8509745299816132
0.0   3.942714512348175
0.0   7.941965153440833
0.0   -4.679442374967039
0.0   -3.5403421595692635
0.0   -3.3433404490351677
0.0   4.1164491176605225
0.0   -3.6956250369548798
0.0   -3.4916518134996295
0.0   8.240468382835388
0.0   -3.5142688751220703
0.0   -2.314897909760475
0.0   -4.131398290395737
0.0   -4.752997785806656
0.0   -3.8244886938482523
0.0   3.976635694503784
0.0   -3.945338800549507
0.0   0.3789023756980896
0.0   -3.524692239239812
0.0   -4.7306531220674515
0.0   -2.2918618619441986
0.0   -2.0142225325107574
0.0   -5.175722256302834
0.0   -3.50249981880188
0.0   3.015850067138672
0.0   12.206153631210327
0.0   -2.6128131225705147
0.0   2.2979554533958435
0.0   -3.3758769184350967
0.0   -2.389128688722849
0.0   1.3034382462501526
0.0   -3.258246399462223
0.0   0.5891299396753311
0.0   -5.298581186681986
0.0   -1.6123061664402485
0.0   -1.3746133670210838
0.0   -0.7886162102222443
0.0   -3.236136756837368
0.0   1.4680722951889038
0.0   -1.3250278532505035
0.0   -0.1676836609840393
0.0   -3.6967088878154755
0.0   -1.5350300669670105
1.0   -2.5807856172323227
1.0   3.1869850754737854
1.0   31.065454721450806
1.0   -3.7020290195941925
1.0   16.54917088896036
1.0   24.75834920629859
1.0   30.301010236144066
1.0   -1.828462839126587
1.0   26.68716036900878
1.0   19.6589218582958
1.0   35.38340890407562
1.0   65.8036464639008
1.0   11.875577837228775
1.0   30.152342338114977
1.0   22.89378035068512
1.0   38.394308196380734
1.0   11.10029885172844
1.0   12.006626799702644
1.0   35.620918959379196
1.0   20.8865757714957
1.0   75.39790873229504
1.0   42.66843478940427
1.0   25.823956795036793
1.0   21.662820551544428
1.0   24.949924983084202
1.0   29.512807436287403
1.0   8.977491773664951
1.0   16.04084413126111
1.0   28.21161963045597
1.0   22.31671805307269
AUC-ROC: 0.9356, AUC-PR: 0.9337
0.0   -5.018656507134438
0.0   -3.879976287484169
0.0   -2.6929401457309723
0.0   2.094986505806446
0.0   -5.260919539257884
0.0   -4.730891661718488
0.0   -5.184564838185906
0.0   0.11362099647521973
0.0   0.9778562188148499
0.0   1.035033941268921
0.0   0.8192170858383179
0.0   -3.096682198345661
0.0   -3.534316025674343
0.0   -3.8544159960001707
0.0   -3.2536399476230145
0.0   -3.474290169775486
0.0   -3.6853867806494236
0.0   -0.6476035118103027
0.0   1.7962595224380493
0.0   5.296055972576141
0.0   -4.561104584485292
0.0   -3.8093870133161545
0.0   -3.7975295037031174
0.0   2.7549136877059937
0.0   -4.071658246219158
0.0   -2.618707589805126
0.0   6.326116561889648
0.0   -2.48122987896204
0.0   -3.584704101085663
0.0   -3.9784897714853287
0.0   -4.5238764230161905
0.0   -3.7402870692312717
0.0   2.739056944847107
0.0   -4.366478495299816
0.0   0.203031362965703
0.0   -1.9339279923588037
0.0   -5.09228759072721
0.0   -2.611144717782736
0.0   -1.2035337947309017
0.0   -5.186599604785442
0.0   -4.518701817840338
0.0   1.125016450881958
0.0   10.251190662384033
0.0   -0.9973874483257532
0.0   -0.056577861309051514
0.0   -4.106758318841457
0.0   -0.4546660892665386
0.0   0.3075082153081894
0.0   -3.304827792569995
0.0   2.1697305142879486
0.0   -5.3874252140522
0.0   -0.7126917839050293
0.0   -0.2841493487358093
0.0   -0.260113924741745
0.0   -2.248944954946637
0.0   1.8092888593673706
0.0   -1.8683409988880157
0.0   0.4255966246128082
0.0   -4.306193567812443
0.0   -1.0221631675958633
1.0   -1.5848030894994736
1.0   4.9414180517196655
1.0   31.658864181488752
1.0   -4.470920197665691
1.0   16.329752147197723
1.0   24.536161310970783
1.0   26.961753983050585
1.0   -3.8307012170553207
1.0   25.99243450909853
1.0   17.133430652320385
1.0   32.76822964847088
1.0   58.860355749726295
1.0   10.378621203824878
1.0   25.871703147888184
1.0   25.620498709380627
1.0   39.22770329378545
1.0   10.930107355117798
1.0   12.259546875953674
1.0   35.13389646820724
1.0   22.754761239513755
1.0   74.380475692451
1.0   41.729154497385025
1.0   23.98484349437058
1.0   18.457311123609543
1.0   17.617304116487503
1.0   22.167824625968933
1.0   7.316394031047821
1.0   12.478003203868866
1.0   25.618839560076594
1.0   17.60911169461906
AUC-ROC: 0.9317, AUC-PR: 0.9386
0.0   -4.965481068938971
0.0   -4.162616245448589
0.0   -3.118402600288391
0.0   -1.6073959916830063
0.0   -5.5418675215914845
0.0   -5.0665542390197515
0.0   -5.5333736930042505
0.0   -2.2380229234695435
0.0   1.0587303638458252
0.0   0.026438117027282715
0.0   -2.2335150241851807
0.0   -3.9799066185951233
0.0   -3.8948092460632324
0.0   -3.9668908566236496
0.0   -4.246420249342918
0.0   -4.523308411240578
0.0   -3.869488626718521
0.0   -1.3852941989898682
0.0   -0.09323546290397644
0.0   2.365223526954651
0.0   -5.000740967690945
0.0   -4.541103981435299
0.0   -4.40799955278635
0.0   1.0522082448005676
0.0   -4.031257648020983
0.0   -3.866224281489849
0.0   2.7455022633075714
0.0   -4.679396252147853
0.0   -3.6694512516260147
0.0   -4.616496501490474
0.0   -4.88031661696732
0.0   -4.112132070586085
0.0   1.1314138770103455
0.0   -4.544251173734665
0.0   -2.3328607100993395
0.0   -4.338928736746311
0.0   -5.181879092007875
0.0   -3.10742150247097
0.0   -3.0824552699923515
0.0   -5.35039690695703
0.0   -4.518984913825989
0.0   0.389621376991272
0.0   8.705610752105713
0.0   -3.666714858263731
0.0   -0.22521106898784637
0.0   -4.158765554428101
0.0   -3.364396955817938
0.0   0.35034966468811035
0.0   -3.9218990691006184
0.0   -0.6501503586769104
0.0   -5.464594513177872
0.0   -2.3418042231351137
0.0   -3.0172062255442142
0.0   -2.386337921023369
0.0   -4.323349975049496
0.0   -1.0065035223960876
0.0   -3.1573469191789627
0.0   -1.6060168743133545
0.0   -4.381565436720848
0.0   -2.8703962564468384
1.0   -3.3942792993038893
1.0   -0.5843631476163864
1.0   25.8855564519763
1.0   -4.386846296489239
1.0   12.008795380592346
1.0   19.011533245444298
1.0   22.999292824417353
1.0   -2.9455641210079193
1.0   24.97655406408012
1.0   15.625281192362309
1.0   30.194724284112453
1.0   58.575622510164976
1.0   7.559571979567409
1.0   24.434380527585745
1.0   25.039685044437647
1.0   36.02172923460603
1.0   10.706536293029785
1.0   9.900034487247467
1.0   29.50112635269761
1.0   20.548941183835268
1.0   73.47023079544306
1.0   40.25934515893459
1.0   22.623792100697756
1.0   17.247366476804018
1.0   20.127260610461235
1.0   24.851901471614838
1.0   5.295115411281586
1.0   12.211650758981705
1.0   23.19163273833692
1.0   18.9001946747303
AUC-ROC: 0.9406, AUC-PR: 0.9370
0.0   -4.11564813554287
0.0   -3.036898151040077
0.0   -1.2415778189897537
0.0   0.18564486503601074
0.0   -5.4353607054799795
0.0   -4.736514765769243
0.0   -5.372562310192734
0.0   -0.11699777841567993
0.0   4.233371078968048
0.0   3.1115225553512573
0.0   -0.07202017307281494
0.0   -2.578012153506279
0.0   -2.1969534307718277
0.0   -2.6090147644281387
0.0   -3.236139863729477
0.0   -3.516582176089287
0.0   -2.3488626182079315
0.0   0.5103438198566437
0.0   2.8517982959747314
0.0   5.659986607730389
0.0   -4.569345377385616
0.0   -3.6665538400411606
0.0   -3.1856590658426285
0.0   3.22420871257782
0.0   -2.833388328552246
0.0   -2.9770196974277496
0.0   4.901883244514465
0.0   -3.916010081768036
0.0   -2.077834665775299
0.0   -3.4255038052797318
0.0   -4.4149170108139515
0.0   -3.292687453329563
0.0   4.055242896080017
0.0   -3.6234712302684784
0.0   -0.1710379719734192
0.0   -3.7218114472925663
0.0   -4.774671867489815
0.0   -1.2955323159694672
0.0   -1.3971592783927917
0.0   -5.130195135250688
0.0   -3.4497524946928024
0.0   2.4217971563339233
0.0   10.974132061004639
0.0   -2.4728529825806618
0.0   2.6548610031604767
0.0   -2.846889764070511
0.0   -2.4064155146479607
0.0   2.0800822973251343
0.0   -2.721047356724739
0.0   0.8599199652671814
0.0   -5.246681306511164
0.0   -0.44695785641670227
0.0   -1.2015168368816376
0.0   -0.5922819972038269
0.0   -3.506840795278549
0.0   1.716630220413208
0.0   -1.0738921016454697
0.0   0.4445074200630188
0.0   -3.1577882766723633
0.0   -0.7332486212253571
1.0   -1.89372980594635
1.0   2.433358073234558
1.0   29.757052313536406
1.0   -3.4029276072978973
1.0   16.014873832464218
1.0   24.177543830126524
1.0   29.046371798962355
1.0   -0.5058258175849915
1.0   28.303437002003193
1.0   20.032034734264016
1.0   36.28458318859339
1.0   65.67392110824585
1.0   11.8177379257977
1.0   29.954406585544348
1.0   25.010263707488775
1.0   38.04989406839013
1.0   13.531807482242584
1.0   13.500086560845375
1.0   36.043911788612604
1.0   25.451884765177965
1.0   73.36825561150908
1.0   43.370944391936064
1.0   28.777924992144108
1.0   22.310600217431784
1.0   25.898094713687897
1.0   30.818962797522545
1.0   7.943257108330727
1.0   14.376772806048393
1.0   28.49502742290497
1.0   22.38464322127402
AUC-ROC: 0.9444, AUC-PR: 0.9408
0.0   -3.7228746712207794
0.0   -2.572891190648079
0.0   -0.10199081897735596
0.0   2.528072714805603
0.0   -5.124427044764161
0.0   -4.295468743890524
0.0   -5.046892473474145
0.0   1.4741113185882568
0.0   5.972137063741684
0.0   4.490194857120514
0.0   1.6922653913497925
0.0   -1.3443685173988342
0.0   -1.4557214677333832
0.0   -2.2332602441310883
0.0   -2.3348057344555855
0.0   -2.295511946082115
0.0   -1.7716178596019745
0.0   2.1965659856796265
0.0   5.50934137403965
0.0   8.106708370149136
0.0   -3.977991276420653
0.0   -2.808560222387314
0.0   -2.428177312016487
0.0   3.9915186166763306
0.0   -1.9837458729743958
0.0   -1.287819436751306
0.0   6.6918909549713135
0.0   -2.48702509701252
0.0   -1.1558802127838135
0.0   -2.5682575069367886
0.0   -3.7910133954137564
0.0   -1.7922748513519764
0.0   6.232600569725037
0.0   -2.8499893248081207
0.0   1.8849887251853943
0.0   -1.581547537818551
0.0   -4.466661483049393
0.0   0.12963134050369263
0.0   0.3904162049293518
0.0   -4.805339469574392
0.0   -3.2120509147644043
0.0   3.4628612995147705
0.0   12.149374127388
0.0   -0.3534559793770313
0.0   3.694086492061615
0.0   -2.427717849612236
0.0   -0.0943711306899786
0.0   3.4102349281311035
0.0   -1.7400591224431992
0.0   2.4403629302978516
0.0   -4.9823538567870855
0.0   1.0054358839988708
0.0   0.6698835790157318
0.0   1.4139432907104492
0.0   -1.9432954601943493
0.0   4.632651269435883
0.0   0.8823534548282623
0.0   2.8855148553848267
0.0   -2.6464163959026337
0.0   1.2466131448745728
1.0   0.9308391809463501
1.0   5.368396162986755
1.0   32.04731570929289
1.0   -3.306639827787876
1.0   17.96483613178134
1.0   26.411863654851913
1.0   30.011087611317635
1.0   -0.3631896376609802
1.0   28.395130142569542
1.0   20.07816994935274
1.0   36.70691930130124
1.0   65.61361537873745
1.0   13.316202495247126
1.0   29.9118982963264
1.0   28.183576323091984
1.0   40.02122763544321
1.0   16.097685676068068
1.0   14.660092195495963
1.0   37.4825637973845
1.0   27.860291101038456
1.0   73.70924415811896
1.0   46.27883371710777
1.0   29.489543702453375
1.0   25.60194620117545
1.0   27.273172542452812
1.0   32.64371936023235
1.0   7.804713664576411
1.0   16.242657644674182
1.0   28.576923191547394
1.0   24.50124368816614
AUC-ROC: 0.9389, AUC-PR: 0.9392
0.0   -3.552732452750206
0.0   -2.4820611476898193
0.0   0.03653177618980408
0.0   2.7389082312583923
0.0   -5.222472934052348
0.0   -4.270636051893234
0.0   -5.15333553776145
0.0   1.9018198251724243
0.0   6.5147682167589664
0.0   5.563150405883789
0.0   2.4104260206222534
0.0   -0.541361391544342
0.0   -0.6892605423927307
0.0   -1.7201695889234543
0.0   -2.0199854001402855
0.0   -2.2050335705280304
0.0   -1.429126888513565
0.0   2.9354010224342346
0.0   6.900229416787624
0.0   12.397156033664942
0.0   -3.540896762162447
0.0   -2.5455096065998077
0.0   -2.1981618404388428
0.0   6.574470043182373
0.0   -2.103387862443924
0.0   -0.6888725012540817
0.0   8.196159958839417
0.0   -2.328562408685684
0.0   -0.8799218535423279
0.0   -1.9497291781008244
0.0   -3.680488508194685
0.0   -1.9059156961739063
0.0   9.56207263469696
0.0   -2.690483719110489
0.0   2.278796911239624
0.0   -1.1190589852631092
0.0   -4.48211669921875
0.0   0.6318145394325256
0.0   0.5770125985145569
0.0   -4.879461083561182
0.0   -3.252776511013508
0.0   4.349033713340759
0.0   15.737092018127441
0.0   0.2703162468969822
0.0   3.7702946066856384
0.0   -2.252420797944069
0.0   0.19453956931829453
0.0   2.689975380897522
0.0   -1.5265637785196304
0.0   2.3701539039611816
0.0   -5.0379273016005754
0.0   1.2462170124053955
0.0   1.6233989000320435
0.0   1.8613882064819336
0.0   -0.8546459376811981
0.0   3.6963104009628296
0.0   2.6084272265434265
0.0   3.44949209690094
0.0   -2.236736312508583
0.0   2.2149765491485596
1.0   -0.14815077185630798
1.0   5.316908955574036
1.0   30.725330151617527
1.0   -3.0134990513324738
1.0   17.74724472872913
1.0   27.403967153280973
1.0   30.640840973705053
1.0   -0.14082229137420654
1.0   27.014866646379232
1.0   22.44731793925166
1.0   37.2275566868484
1.0   67.97597066313028
1.0   14.462808430194855
1.0   33.27967565134168
1.0   26.123440336436033
1.0   38.40550097823143
1.0   15.66034529171884
1.0   15.264747271314263
1.0   39.053244438022375
1.0   25.95585022866726
1.0   72.31191188469529
1.0   43.56356703490019
1.0   30.33411067724228
1.0   27.03085184842348
1.0   29.20981651172042
1.0   34.4346684217453
1.0   8.385711032897234
1.0   17.620428090915084
1.0   30.78879976645112
1.0   24.877748616039753
AUC-ROC: 0.9322, AUC-PR: 0.9305
0.0   -4.285573735833168
0.0   -3.101577326655388
0.0   -1.363021343946457
0.0   1.9739812016487122
0.0   -5.488394207786769
0.0   -4.666000409051776
0.0   -5.41742280498147
0.0   0.09856432676315308
0.0   6.220214605331421
0.0   3.599114179611206
0.0   0.44876205921173096
0.0   -2.402215540409088
0.0   -2.268544465303421
0.0   -2.4455714225769043
0.0   -2.5845133662223816
0.0   -2.8849149644374847
0.0   -2.253536283969879
0.0   0.7305328547954559
0.0   4.610767990350723
0.0   7.7371847331523895
0.0   -4.532424033619463
0.0   -3.591428682208061
0.0   -3.303479142487049
0.0   4.519017696380615
0.0   -3.155539482831955
0.0   -2.6933109425008297
0.0   6.27124148607254
0.0   -3.5884212628006935
0.0   -2.2075387984514236
0.0   -3.7138582095503807
0.0   -4.419574411585927
0.0   -2.594193257391453
0.0   5.888648748397827
0.0   -3.631406620144844
0.0   1.2795860171318054
0.0   -3.2344303838908672
0.0   -4.957422014325857
0.0   -1.8015064001083374
0.0   -1.1464524269104004
0.0   -5.136785955168307
0.0   -3.839082896709442
0.0   3.4246729612350464
0.0   12.93427324295044
0.0   -1.8684194087982178
0.0   2.2281960248947144
0.0   -3.061253786087036
0.0   -2.045661425217986
0.0   3.248745322227478
0.0   -3.096788167953491
0.0   1.5406892895698547
0.0   -5.311107460409403
0.0   0.4576800465583801
0.0   0.03504529595375061
0.0   0.07542198896408081
0.0   -2.867462605237961
0.0   3.4313442707061768
0.0   -0.3843575417995453
0.0   1.998199701309204
0.0   -3.325695514678955
0.0   0.31099939346313477
1.0   -2.2267937287688255
1.0   4.366268455982208
1.0   31.829615641385317
1.0   -3.777144581079483
1.0   17.7841669768095
1.0   25.99628271535039
1.0   29.40241553261876
1.0   -1.468783587217331
1.0   28.453207531943917
1.0   20.11117436364293
1.0   37.66056740656495
1.0   68.28744128346443
1.0   12.631913958117366
1.0   31.683497443795204
1.0   25.512876573950052
1.0   38.391090700402856
1.0   14.704450577497482
1.0   13.76012746244669
1.0   37.41857644729316
1.0   25.912955928593874
1.0   72.80662907660007
1.0   43.598440520465374
1.0   28.38466050848365
1.0   24.9789814427495
1.0   28.0966637134552
1.0   33.250449389219284
1.0   8.137519598007202
1.0   17.374949734658003
1.0   29.570759331807494
1.0   25.623567759990692
AUC-ROC: 0.9361, AUC-PR: 0.9368
0.0   -4.209278702735901
0.0   -3.102664738893509
0.0   -1.0789404511451721
0.0   2.7646217048168182
0.0   -5.399354878813028
0.0   -4.473974384367466
0.0   -5.219512228854001
0.0   0.6934764981269836
0.0   5.789326071739197
0.0   4.12637996673584
0.0   1.2227234244346619
0.0   -1.494406521320343
0.0   -1.6470864862203598
0.0   -2.0960952639579773
0.0   -2.1156489849090576
0.0   -2.4316930770874023
0.0   -2.1905983984470367
0.0   1.6659448146820068
0.0   6.337957426905632
0.0   10.838424324989319
0.0   -4.190936557948589
0.0   -3.2258557826280594
0.0   -2.7668651193380356
0.0   6.758302450180054
0.0   -2.819318473339081
0.0   -1.7103164047002792
0.0   7.023099660873413
0.0   -3.099561259150505
0.0   -1.9262112975120544
0.0   -2.1079965978860855
0.0   -4.258024089038372
0.0   -2.4052090011537075
0.0   8.841812491416931
0.0   -3.566771164536476
0.0   2.0723753571510315
0.0   -1.9099038019776344
0.0   -4.835281044244766
0.0   -1.597842887043953
0.0   0.6940778493881226
0.0   -5.108929385431111
0.0   -3.894814409315586
0.0   4.365780353546143
0.0   15.851894497871399
0.0   -1.0107302367687225
0.0   2.7791053354740143
0.0   -3.081319898366928
0.0   -0.652213454246521
0.0   2.4806532859802246
0.0   -2.826616309583187
0.0   2.385226309299469
0.0   -5.278787536546588
0.0   1.0970885753631592
0.0   1.5281621813774109
0.0   0.8358228206634521
0.0   -1.8931162059307098
0.0   3.814067542552948
0.0   1.2282648086547852
0.0   2.4976378679275513
0.0   -3.24252650141716
0.0   1.7073150873184204
1.0   -1.4974377863109112
1.0   5.084295392036438
1.0   33.34896333888173
1.0   -3.627574995160103
1.0   19.10094072110951
1.0   29.294836897403002
1.0   32.62530831247568
1.0   -1.824144333600998
1.0   29.34260318428278
1.0   23.261710794642568
1.0   39.569655707105994
1.0   69.63943554088473
1.0   15.117422828450799
1.0   33.07560781016946
1.0   24.460383526980877
1.0   36.46631452254951
1.0   14.228000193834305
1.0   16.100988497957587
1.0   38.88226544111967
1.0   24.694037722423673
1.0   71.56145757064223
1.0   42.019353330135345
1.0   30.76089048758149
1.0   25.41519738547504
1.0   26.36474994197488
1.0   31.670033782720566
1.0   8.027506217360497
1.0   18.37098882161081
1.0   31.2321269325912
1.0   26.829435870051384
AUC-ROC: 0.9317, AUC-PR: 0.9318
0.0   -4.031688824295998
0.0   -2.401946008205414
0.0   -0.24575668573379517
0.0   5.086825668811798
0.0   -5.115737654268742
0.0   -3.924904275685549
0.0   -4.763784803450108
0.0   2.4120598435401917
0.0   6.460883503779769
0.0   6.0766468197107315
0.0   3.069175064563751
0.0   -0.2745031714439392
0.0   -0.6416778564453125
0.0   -1.4503207504749298
0.0   -0.89226895570755
0.0   -1.236218899488449
0.0   -1.371148407459259
0.0   3.0266858339309692
0.0   7.610801285132766
0.0   13.120847975835204
0.0   -3.3507543755695224
0.0   -2.299748420715332
0.0   -2.173005551099777
0.0   8.515608787536621
0.0   -2.336999475955963
0.0   -0.41672682762145996
0.0   9.374154806137085
0.0   -2.1682104021310806
0.0   -1.2190489172935486
0.0   -0.8839094340801239
0.0   -3.7240757504478097
0.0   -1.2732300013303757
0.0   10.590210676193237
0.0   -3.0696389377117157
0.0   3.9184351563453674
0.0   0.2095462530851364
0.0   -4.606690250337124
0.0   -0.08052864670753479
0.0   2.1164238452911377
0.0   -4.822866728529334
0.0   -3.6570033580064774
0.0   5.885884881019592
0.0   17.233632922172546
0.0   0.877373456954956
0.0   4.087930798530579
0.0   -2.4166163504123688
0.0   1.1724657714366913
0.0   3.599475383758545
0.0   -2.0735148191452026
0.0   2.6555524468421936
0.0   -5.062002502381802
0.0   1.8922949433326721
0.0   2.21881502866745
0.0   1.7213971316814423
0.0   -0.5024618431925774
0.0   5.861241459846497
0.0   2.124861776828766
0.0   3.3503462076187134
0.0   -2.844647526741028
0.0   2.0986629724502563
1.0   0.05413419008255005
1.0   6.69302362203598
1.0   35.791927590966225
1.0   -3.2747124433517456
1.0   20.142450757324696
1.0   30.27764553949237
1.0   33.95149837434292
1.0   -1.2104375958442688
1.0   31.200796058401465
1.0   23.70490226149559
1.0   41.6316098831594
1.0   71.20640134066343
1.0   16.46791187673807
1.0   33.3899346254766
1.0   25.28025398030877
1.0   38.71877448260784
1.0   15.468978270888329
1.0   16.64280440285802
1.0   41.59209441766143
1.0   26.418197102844715
1.0   72.7833506166935
1.0   42.88383910432458
1.0   32.38838068023324
1.0   27.115466330200434
1.0   27.59826284274459
1.0   32.908675849437714
1.0   8.626005411148071
1.0   16.317442551255226
1.0   31.85901076719165
1.0   26.074833335354924
AUC-ROC: 0.9289, AUC-PR: 0.9281
0.0   -4.027067109942436
0.0   -2.3203787207603455
0.0   -0.3931156396865845
0.0   5.4542697966098785
0.0   -5.054605123586953
0.0   -3.7853707037866116
0.0   -4.704223935492337
0.0   2.4002923369407654
0.0   6.333346500992775
0.0   5.812124982476234
0.0   3.1309067010879517
0.0   -0.4368131160736084
0.0   -0.7593775987625122
0.0   -1.367422342300415
0.0   -0.7333077192306519
0.0   -0.9285635054111481
0.0   -1.3102611005306244
0.0   3.031288504600525
0.0   7.228357046842575
0.0   13.308753620833158
0.0   -3.2859092680737376
0.0   -1.7789322137832642
0.0   -2.3594159185886383
0.0   8.020241618156433
0.0   -2.4245973080396652
0.0   -0.6927410960197449
0.0   9.57708466053009
0.0   -1.923897385597229
0.0   -1.1390622854232788
0.0   -0.990765780210495
0.0   -3.7151369228959084
0.0   -1.18815540894866
0.0   10.420861721038818
0.0   -2.8822430968284607
0.0   4.17684668302536
0.0   0.128757506608963
0.0   -4.613054804503918
0.0   0.21632441878318787
0.0   1.9038821458816528
0.0   -4.810483439825475
0.0   -3.7509168311953545
0.0   5.668834924697876
0.0   16.415339708328247
0.0   1.2255721390247345
0.0   3.8178290128707886
0.0   -2.292592465877533
0.0   1.339507445693016
0.0   3.343793570995331
0.0   -2.2552298605442047
0.0   3.3008135557174683
0.0   -5.099887657910585
0.0   2.421674370765686
0.0   2.6864761114120483
0.0   1.7473448514938354
0.0   -0.14076000452041626
0.0   6.297634541988373
0.0   2.084766149520874
0.0   4.235799431800842
0.0   -2.7820309549570084
0.0   2.9853434562683105
1.0   0.18117496371269226
1.0   8.182868897914886
1.0   34.53176872432232
1.0   -3.081295281648636
1.0   21.313689859583974
1.0   29.305375773459673
1.0   33.64930760860443
1.0   -1.0677353739738464
1.0   30.32976313866675
1.0   24.560861364006996
1.0   41.384916096925735
1.0   70.73280723020434
1.0   15.90727823227644
1.0   33.371667210012674
1.0   26.890124589204788
1.0   39.85616507008672
1.0   16.683704495429993
1.0   18.021263709291816
1.0   42.54568365961313
1.0   28.112313237041235
1.0   73.49696043133736
1.0   43.76672591269016
1.0   33.3021105080843
1.0   28.116704534739256
1.0   26.983705304563046
1.0   32.300243970006704
1.0   9.236462265253067
1.0   17.30873390287161
1.0   31.50568863376975
1.0   28.818963520228863
AUC-ROC: 0.9311, AUC-PR: 0.9338
0.0   -4.6358072608709335
0.0   -3.6029336005449295
0.0   -2.0736072957515717
0.0   2.154404878616333
0.0   -5.514187707100064
0.0   -4.747943567112088
0.0   -5.404649359174073
0.0   -0.5835899114608765
0.0   4.069667160511017
0.0   2.2694143056869507
0.0   0.26775145530700684
0.0   -2.7628352642059326
0.0   -3.121898628771305
0.0   -2.9549080431461334
0.0   -2.7539352774620056
0.0   -2.9619460999965668
0.0   -3.112704873085022
0.0   0.4800390601158142
0.0   3.990530699491501
0.0   8.370049864053726
0.0   -4.687165945768356
0.0   -3.8023287504911423
0.0   -3.67741010338068
0.0   4.640974402427673
0.0   -3.437788814306259
0.0   -2.809422302991152
0.0   5.3229915499687195
0.0   -3.92033202201128
0.0   -3.214999169111252
0.0   -4.002713808789849
0.0   -4.674704699777067
0.0   -2.8343511149287224
0.0   6.1016526222229
0.0   -4.001134499907494
0.0   1.242412805557251
0.0   -3.055622359737754
0.0   -5.1531219482421875
0.0   -2.6929976418614388
0.0   -1.659807801246643
0.0   -5.257084667682648
0.0   -4.437209874391556
0.0   3.396055221557617
0.0   12.291117310523987
0.0   -1.5412558615207672
0.0   0.5861466228961945
0.0   -3.8932198137044907
0.0   -1.7190737258642912
0.0   2.145063877105713
0.0   -3.72475110553205
0.0   0.5123350471258163
0.0   -5.443267475813627
0.0   0.012991935014724731
0.0   -0.4808630794286728
0.0   -0.12086503207683563
0.0   -2.8552275747060776
0.0   2.5176467895507812
0.0   -1.5875344574451447
0.0   1.562958538532257
0.0   -3.9161397516727448
0.0   -0.21450966596603394
1.0   -2.8349804813042283
1.0   4.287702202796936
1.0   30.603786021471024
1.0   -4.239263467490673
1.0   16.930471539497375
1.0   25.119161900132895
1.0   28.183088958263397
1.0   -2.2142163813114166
1.0   27.559191899374127
1.0   19.36275114864111
1.0   36.97491943836212
1.0   66.835544642061
1.0   11.493451252579689
1.0   29.39281642064452
1.0   24.960963804274797
1.0   38.30944791063666
1.0   14.931617975234985
1.0   13.62952071428299
1.0   38.46758655831218
1.0   26.322067439556122
1.0   72.05408231914043
1.0   41.80783311650157
1.0   26.56401363387704
1.0   23.364101864397526
1.0   24.717561449855566
1.0   29.903098970651627
1.0   6.12511482834816
1.0   14.939854502677917
1.0   28.371143884956837
1.0   23.73817970044911
AUC-ROC: 0.9339, AUC-PR: 0.9359
0.0   -4.575596809387207
0.0   -3.5047341883182526
0.0   -1.7437707781791687
0.0   1.6152212768793106
0.0   -5.377275547012687
0.0   -4.576944221742451
0.0   -5.229611998423934
0.0   0.03154599666595459
0.0   3.819841742515564
0.0   2.7363619804382324
0.0   0.4976639747619629
0.0   -2.408536732196808
0.0   -2.693777874112129
0.0   -2.8906523883342743
0.0   -2.6233608834445477
0.0   -2.7577690854668617
0.0   -2.7670856565237045
0.0   0.8439078032970428
0.0   4.243009656667709
0.0   7.904371909797192
0.0   -4.376274751033634
0.0   -3.542885884642601
0.0   -3.3393992111086845
0.0   3.9559022188186646
0.0   -3.2325469255447388
0.0   -2.0938096903264523
0.0   4.720646142959595
0.0   -3.498733226209879
0.0   -2.699554666876793
0.0   -3.1541237737983465
0.0   -4.425749767571688
0.0   -2.479245651513338
0.0   5.904121398925781
0.0   -3.86262384057045
0.0   0.6939368173480034
0.0   -2.0778970113024116
0.0   -5.044217232614756
0.0   -1.9662897065281868
0.0   -0.5657346397638321
0.0   -5.110346634872258
0.0   -4.276916738599539
0.0   2.173869550228119
0.0   12.890232682228088
0.0   -1.1792740132659674
0.0   1.3527752459049225
0.0   -3.5829124599695206
0.0   -0.8902000766247511
0.0   1.3451077342033386
0.0   -3.3033994138240814
0.0   2.6339426934719086
0.0   -5.305863410234451
0.0   0.979761004447937
0.0   1.4651285409927368
0.0   0.4510065019130707
0.0   -2.155282460153103
0.0   4.835778653621674
0.0   -0.04333299398422241
0.0   2.9405120611190796
0.0   -3.6855085492134094
0.0   1.4013633131980896
1.0   -1.1283040344715118
1.0   5.897445201873779
1.0   34.38832513615489
1.0   -3.9967505261301994
1.0   20.153666369616985
1.0   28.573825147002935
1.0   32.02491545304656
1.0   -2.2761424481868744
1.0   30.042994879186153
1.0   21.689829802140594
1.0   39.9527944996953
1.0   69.20072192326188
1.0   14.218102471902966
1.0   32.158160891383886
1.0   24.74556627124548
1.0   37.174622125923634
1.0   13.554034024477005
1.0   16.389122769236565
1.0   38.49543096497655
1.0   25.158673770725727
1.0   72.02102457731962
1.0   41.246644865721464
1.0   30.85095650702715
1.0   25.581216234713793
1.0   25.345986222848296
1.0   30.97885885834694
1.0   8.385118246078491
1.0   16.887133127078414
1.0   31.383059803396463
1.0   25.76559822820127
AUC-ROC: 0.9378, AUC-PR: 0.9411
0.0   -4.339292198419571
0.0   -3.379587486386299
0.0   -1.5309657752513885
0.0   2.3032023906707764
0.0   -5.420830952003598
0.0   -4.693493779748678
0.0   -5.301617706660181
0.0   -0.06928259134292603
0.0   4.302569270133972
0.0   2.890258491039276
0.0   0.34147536754608154
0.0   -2.082475945353508
0.0   -2.374867558479309
0.0   -2.3526870906352997
0.0   -2.538410574197769
0.0   -2.7499727308750153
0.0   -2.7716569900512695
0.0   1.1775460243225098
0.0   5.052550673484802
0.0   9.671240903437138
0.0   -4.461812952999026
0.0   -3.6460153609514236
0.0   -3.1969248354434967
0.0   5.617542028427124
0.0   -3.100538581609726
0.0   -2.488886035978794
0.0   6.207264423370361
0.0   -3.811327651143074
0.0   -2.500289276242256
0.0   -3.419537305831909
0.0   -4.458044359460473
0.0   -2.5771676525473595
0.0   7.089479565620422
0.0   -3.795896992087364
0.0   1.530527651309967
0.0   -2.7451942758634686
0.0   -4.8353961035609245
0.0   -2.460639663040638
0.0   -0.895331472158432
0.0   -5.127411448862404
0.0   -4.060879349708557
0.0   3.3448643684387207
0.0   14.089248776435852
0.0   -1.923833891749382
0.0   1.3601115345954895
0.0   -3.443106785416603
0.0   -1.6746576130390167
0.0   2.453797459602356
0.0   -3.2863873541355133
0.0   0.9794794321060181
0.0   -5.274583433754742
0.0   0.5491839647293091
0.0   0.13592267036437988
0.0   0.28266236186027527
0.0   -2.4668413400650024
0.0   3.021172523498535
0.0   -0.30944517254829407
0.0   1.80596125125885
0.0   -3.308321073651314
0.0   0.35854071378707886
1.0   -2.1454928889870644
1.0   4.144657373428345
1.0   32.7737033367157
1.0   -3.7800118401646614
1.0   17.909133141860366
1.0   26.38161499425769
1.0   30.23260097578168
1.0   -1.8222264051437378
1.0   29.156022222712636
1.0   20.49416426755488
1.0   38.31366133876145
1.0   68.22537497244775
1.0   12.273501018062234
1.0   30.891379669308662
1.0   24.966017622500658
1.0   37.463104827329516
1.0   15.4794632345438
1.0   14.310077788308263
1.0   39.79782037995756
1.0   26.43483362160623
1.0   71.07228400558233
1.0   42.09755353629589
1.0   27.406244834885
1.0   23.946257576346397
1.0   26.03506153076887
1.0   30.967816177755594
1.0   7.03490138053894
1.0   15.697450740262866
1.0   29.73278327099979
1.0   24.64472429640591
AUC-ROC: 0.9361, AUC-PR: 0.9349
0.0   -4.604532308876514
0.0   -3.7888153344392776
0.0   -2.0938466638326645
0.0   1.7980328798294067
0.0   -5.431465912610292
0.0   -4.792122475802898
0.0   -5.321229111403227
0.0   -0.6856391727924347
0.0   5.156403839588165
0.0   2.0870394110679626
0.0   -0.02420276403427124
0.0   -2.8593990355730057
0.0   -2.904960200190544
0.0   -3.1085921302437782
0.0   -3.000853518024087
0.0   -3.0435811951756477
0.0   -3.1993798464536667
0.0   0.1145021915435791
0.0   2.2345586121082306
0.0   5.981187663972378
0.0   -4.512713151052594
0.0   -3.783055901527405
0.0   -3.766194887459278
0.0   4.428498983383179
0.0   -3.6539648473262787
0.0   -3.2637712666764855
0.0   5.858645915985107
0.0   -4.021280698478222
0.0   -3.1078921258449554
0.0   -3.6189057771116495
0.0   -4.553986179642379
0.0   -2.4912610948085785
0.0   5.0258708000183105
0.0   -4.074402868747711
0.0   1.3726360499858856
0.0   -3.0820830576121807
0.0   -5.019961204379797
0.0   -2.1883142217993736
0.0   -1.4211183488368988
0.0   -5.1627532579004765
0.0   -4.382783513516188
0.0   2.880078434944153
0.0   11.454882025718689
0.0   -1.9033207967877388
0.0   0.5149129629135132
0.0   -3.7916439175605774
0.0   -2.1023528315126896
0.0   2.5591635704040527
0.0   -3.5604652911424637
0.0   0.7961402237415314
0.0   -5.322290415875614
0.0   0.19476139545440674
0.0   -0.12030339241027832
0.0   -0.21559351682662964
0.0   -2.6554085090756416
0.0   3.1588938236236572
0.0   -1.018520325422287
0.0   1.5333956480026245
0.0   -3.8118068873882294
0.0   0.2920570969581604
1.0   -2.5398504193872213
1.0   3.798914909362793
1.0   33.313318859785795
1.0   -4.044786065816879
1.0   19.118938997387886
1.0   27.656036492437124
1.0   31.756485555320978
1.0   -2.5932749807834625
1.0   30.275635009631515
1.0   20.723463349044323
1.0   40.46042582578957
1.0   69.29370353743434
1.0   12.17760468274355
1.0   31.325679428875446
1.0   22.418317299336195
1.0   35.73386693187058
1.0   13.049256563186646
1.0   15.223415769636631
1.0   39.111995154991746
1.0   22.590352354571223
1.0   71.01699000597
1.0   38.266107842326164
1.0   29.46111456118524
1.0   23.97583144158125
1.0   24.68543455004692
1.0   29.744993418455124
1.0   7.682074844837189
1.0   13.58830612897873
1.0   30.092783654108644
1.0   24.774289222434163
AUC-ROC: 0.9356, AUC-PR: 0.9378
0.0   -4.711950108408928
0.0   -3.892382860183716
0.0   -2.09796005487442
0.0   1.7574739754199982
0.0   -5.3986934195272624
0.0   -4.720337932463735
0.0   -5.267402058467269
0.0   -0.7359741926193237
0.0   4.875322997570038
0.0   1.9816988706588745
0.0   0.014406383037567139
0.0   -2.855053350329399
0.0   -3.0118564814329147
0.0   -3.3031254671514034
0.0   -2.8068753741681576
0.0   -2.8547361865639687
0.0   -3.2005145139992237
0.0   0.38320231437683105
0.0   3.3326269686222076
0.0   6.811379134654999
0.0   -4.516111536882818
0.0   -3.6937823593616486
0.0   -3.7512826174497604
0.0   4.0678311586380005
0.0   -3.6778936833143234
0.0   -2.8930643750354648
0.0   5.1910213232040405
0.0   -3.734016412869096
0.0   -3.168704241514206
0.0   -3.5294527746737003
0.0   -4.574027767870575
0.0   -2.5093668177723885
0.0   5.289015412330627
0.0   -4.032175160944462
0.0   0.9588658809661865
0.0   -2.5907256435602903
0.0   -5.083676811307669
0.0   -2.1416794061660767
0.0   -0.955419197678566
0.0   -5.147858717478812
0.0   -4.431678522378206
0.0   2.5507508516311646
0.0   12.096912622451782
0.0   -1.5149429347366095
0.0   0.43119239807128906
0.0   -3.908738698810339
0.0   -1.412504986859858
0.0   1.9748528003692627
0.0   -3.610545407049358
0.0   2.4625458419322968
0.0   -5.349450181238353
0.0   1.1924108266830444
0.0   0.9840622246265411
0.0   0.8301955461502075
0.0   -2.392364725470543
0.0   4.365855813026428
0.0   -0.7562752366065979
0.0   2.951086401939392
0.0   -3.8926268965005875
0.0   1.1553478240966797
1.0   -2.140010567381978
1.0   6.000595986843109
1.0   32.93498865514994
1.0   -4.093405060470104
1.0   19.985316440463066
1.0   27.975164726376534
1.0   31.596868216991425
1.0   -2.4711728245019913
1.0   29.73252511397004
1.0   20.797623343765736
1.0   39.676782581955194
1.0   68.73690804094076
1.0   12.31515928171575
1.0   30.95880065113306
1.0   26.684093113988638
1.0   39.213288862258196
1.0   15.316703140735626
1.0   15.668251737952232
1.0   38.57188818231225
1.0   26.434715539216995
1.0   73.57604231312871
1.0   43.288249131292105
1.0   29.563965298235416
1.0   25.233634270727634
1.0   24.514959869906306
1.0   29.487089097499847
1.0   8.0402472615242
1.0   16.898963503539562
1.0   30.258034873753786
1.0   25.73154349066317
AUC-ROC: 0.9383, AUC-PR: 0.9420
0.0   -4.297616221010685
0.0   -3.489474058151245
0.0   -1.546701580286026
0.0   1.9337692856788635
0.0   -5.362061777152121
0.0   -4.652079110965133
0.0   -5.229990331456065
0.0   -0.09462565183639526
0.0   5.6171203553676605
0.0   2.874714195728302
0.0   0.5193917751312256
0.0   -2.164799138903618
0.0   -2.389578104019165
0.0   -2.878196209669113
0.0   -2.6333982460200787
0.0   -2.6700455248355865
0.0   -2.909767135977745
0.0   1.4473888278007507
0.0   4.86765456199646
0.0   9.05218038521707
0.0   -4.395797033794224
0.0   -3.42399899661541
0.0   -3.157087653875351
0.0   4.615915417671204
0.0   -3.1992455422878265
0.0   -2.443530336022377
0.0   5.566874384880066
0.0   -3.626159593462944
0.0   -2.5372980535030365
0.0   -3.2547514513134956
0.0   -4.458965990692377
0.0   -2.618952799588442
0.0   6.950441956520081
0.0   -3.722980186343193
0.0   1.4520775973796844
0.0   -2.3950659073889256
0.0   -4.866579957306385
0.0   -1.925898402929306
0.0   -0.37087956070899963
0.0   -5.083262143656611
0.0   -4.137201733887196
0.0   3.7190651893615723
0.0   13.544411659240723
0.0   -1.7217780202627182
0.0   1.2977678179740906
0.0   -3.627370610833168
0.0   -1.331099919974804
0.0   2.2030545473098755
0.0   -3.353449748829007
0.0   2.446134567260742
0.0   -5.2533721588552
0.0   1.18048894405365
0.0   1.1087881922721863
0.0   0.7978290617465973
0.0   -2.2396451234817505
0.0   4.897757828235626
0.0   0.3187391757965088
0.0   2.9977039098739624
0.0   -3.408945843577385
0.0   1.1801074147224426
1.0   -1.6492183059453964
1.0   5.979490339756012
1.0   35.068450443446636
1.0   -3.8041588440537453
1.0   20.569502521306276
1.0   29.3391199298203
1.0   33.35507753863931
1.0   -1.8762817978858948
1.0   31.098383773118258
1.0   22.475563732907176
1.0   41.23400001227856
1.0   71.98083420097828
1.0   14.170551082119346
1.0   33.263584926724434
1.0   25.735612083226442
1.0   38.64151165261865
1.0   15.038528800010681
1.0   16.022199522703886
1.0   39.122372303158045
1.0   25.54545334726572
1.0   73.7841342613101
1.0   43.587136298418045
1.0   31.36328626424074
1.0   26.477366525679827
1.0   27.647300485521555
1.0   32.94901568815112
1.0   8.848292022943497
1.0   18.131127340719104
1.0   32.24099863320589
1.0   26.10360597446561
AUC-ROC: 0.9389, AUC-PR: 0.9407
0.0   -4.664796337485313
0.0   -4.083264209330082
0.0   -2.5261601507663727
0.0   0.6700915098190308
0.0   -5.6946490353439
0.0   -5.2029354348778725
0.0   -5.647089475765824
0.0   -2.0510079860687256
0.0   3.7933194041252136
0.0   1.2234602570533752
0.0   -1.592503547668457
0.0   -3.267483651638031
0.0   -3.2895897179841995
0.0   -3.396771162748337
0.0   -3.9664333015680313
0.0   -4.022172778844833
0.0   -3.7678782790899277
0.0   0.13665442168712616
0.0   3.0889246463775635
0.0   8.181686595082283
0.0   -5.0945599167607725
0.0   -4.306893393397331
0.0   -3.8935697227716446
0.0   4.384766459465027
0.0   -4.0155046582221985
0.0   -4.044490002095699
0.0   5.280842661857605
0.0   -4.775093287229538
0.0   -3.387038119137287
0.0   -4.367344129830599
0.0   -5.117573751136661
0.0   -3.9458746910095215
0.0   6.151746392250061
0.0   -4.26963809132576
0.0   -0.2996978163719177
0.0   -4.164835289120674
0.0   -5.188319630920887
0.0   -3.3683317750692368
0.0   -2.693432077765465
0.0   -5.481808551121503
0.0   -4.516631744801998
0.0   2.182861089706421
0.0   13.383028745651245
0.0   -3.373804673552513
0.0   -0.013643324375152588
0.0   -4.195544496178627
0.0   -3.177074983716011
0.0   1.1772555112838745
0.0   -4.415618980303407
0.0   -0.8886968865990639
0.0   -5.53526465781033
0.0   -1.9107319340109825
0.0   -2.0434550009667873
0.0   -2.1257783621549606
0.0   -4.047798078507185
0.0   0.9230332970619202
0.0   -2.1673884838819504
0.0   -0.5910288989543915
0.0   -4.358399763703346
0.0   -2.134639471769333
1.0   -3.5491603538393974
1.0   0.9173239767551422
1.0   31.554587837308645
1.0   -4.5402357298880816
1.0   14.832526534795761
1.0   24.873965241014957
1.0   29.73316004872322
1.0   -2.983971022069454
1.0   28.890724359080195
1.0   19.089217660948634
1.0   37.49321457184851
1.0   68.43629435822368
1.0   10.809860803186893
1.0   29.03815632686019
1.0   23.117977809160948
1.0   34.666924649849534
1.0   12.707645833492279
1.0   10.324420839548111
1.0   34.615455178543925
1.0   21.09468931891024
1.0   71.37918713502586
1.0   40.07975137606263
1.0   26.981543151661754
1.0   21.819705925881863
1.0   26.236982952803373
1.0   30.945309847593307
1.0   4.328813016414642
1.0   14.77263367548585
1.0   27.998673936352134
1.0   23.121048038825393
AUC-ROC: 0.9289, AUC-PR: 0.9263
0.0   -4.845808945596218
0.0   -4.121559612452984
0.0   -2.6722546368837357
0.0   0.8562304079532623
0.0   -5.565792054869235
0.0   -4.940378347411752
0.0   -5.4840044705197215
0.0   -1.6266454458236694
0.0   3.9539430141448975
0.0   0.8218045830726624
0.0   -1.1506515741348267
0.0   -3.5535699278116226
0.0   -3.6051535308361053
0.0   -3.5725008845329285
0.0   -3.4395247399806976
0.0   -3.717449367046356
0.0   -3.6802139282226562
0.0   -0.54277503490448
0.0   1.5853278934955597
0.0   5.828827202320099
0.0   -4.938486792612821
0.0   -4.255978733301163
0.0   -4.024111270904541
0.0   3.5846784114837646
0.0   -3.982714205980301
0.0   -3.6801338428631425
0.0   4.476616770029068
0.0   -4.432172730565071
0.0   -3.6813223138451576
0.0   -4.356548035517335
0.0   -4.920415178872645
0.0   -3.292956918478012
0.0   4.77769410610199
0.0   -4.286435678601265
0.0   -0.19266054034233093
0.0   -3.690499023767188
0.0   -5.264163194224238
0.0   -3.2225344330072403
0.0   -2.522170379757881
0.0   -5.341149324085563
0.0   -4.665006438270211
0.0   2.190865993499756
0.0   12.210417985916138
0.0   -2.767721351236105
0.0   -0.3906906694173813
0.0   -4.192587524652481
0.0   -2.770285018486902
0.0   2.406317949295044
0.0   -4.189366040751338
0.0   0.17276978492736816
0.0   -5.478880449198186
0.0   -0.9680920541286469
0.0   -1.3964922353625298
0.0   -1.2438804507255554
0.0   -3.654877245426178
0.0   2.437413811683655
0.0   -2.194079965353012
0.0   0.5031753182411194
0.0   -4.203982315957546
0.0   -1.4662466645240784
1.0   -3.217311194166541
1.0   2.4649184346199036
1.0   30.569328300654888
1.0   -4.471194796264172
1.0   16.03249603509903
1.0   24.1984467767179
1.0   27.3660645224154
1.0   -2.8018976151943207
1.0   27.562612833455205
1.0   17.62271675467491
1.0   35.31927848421037
1.0   64.44348676688969
1.0   10.02708437293768
1.0   28.691498763859272
1.0   23.086634248495102
1.0   35.80680754221976
1.0   12.565627634525299
1.0   11.652220726013184
1.0   34.452145747840405
1.0   21.831805994734168
1.0   70.05257410742342
1.0   39.67159166932106
1.0   25.048671612516046
1.0   22.078887667506933
1.0   23.878277195617557
1.0   28.698635336011648
1.0   5.483244180679321
1.0   16.236398620530963
1.0   27.365460300818086
1.0   23.934893649071455
AUC-ROC: 0.9356, AUC-PR: 0.9351
